0 0.563864 0.527778 0.011161 0.014550
0 0.579613 0.530093 0.009425 0.014550
0 0.599082 0.481647 0.010169 0.010251
0 0.618180 0.566138 0.009177 0.008598
0 0.646205 0.539187 0.006200 0.015542
0 0.486235 0.280093 0.006696 0.011243
0 0.478175 0.350860 0.005456 0.011243
0 0.484499 0.391204 0.008681 0.009259
0 0.589162 0.367560 0.008681 0.013558
0 0.560640 0.415675 0.006200 0.007937
0 0.599950 0.429233 0.006944 0.006614
0 0.628844 0.422950 0.005208 0.007275
0 0.571181 0.342593 0.005952 0.006614
0 0.660590 0.485946 0.005704 0.008929
0 0.669643 0.476687 0.004960 0.006944
0 0.688864 0.465278 0.006200 0.011905
0 0.725322 0.501819 0.006696 0.011574
0 0.728423 0.527282 0.007440 0.008267
0 0.744296 0.513724 0.008433 0.008929
0 0.544147 0.694114 0.006944 0.011905
0 0.578621 0.605159 0.009425 0.006614
0 0.596478 0.614749 0.005952 0.012566
0 0.603423 0.607474 0.008433 0.009921
0 0.457589 0.648975 0.005952 0.009590
0 0.401786 0.518684 0.005952 0.008267
0 0.409846 0.518684 0.007192 0.008267
0 0.428943 0.520007 0.006200 0.008267
0 0.483259 0.520999 0.007192 0.011574
0 0.412822 0.453208 0.009177 0.008267
0 0.417783 0.462798 0.007688 0.006944
0 0.451265 0.396991 0.006200 0.006283
0 0.403894 0.372520 0.006200 0.005622
0 0.481151 0.572917 0.006448 0.006283
0 0.484375 0.582507 0.004960 0.009590
0 0.496032 0.583995 0.005952 0.009921
0 0.395213 0.435020 0.004712 0.008267
0 0.453869 0.454200 0.004464 0.010251
0 0.467634 0.465608 0.004712 0.008598
0 0.464658 0.387235 0.004712 0.005291
0 0.391121 0.397487 0.008929 0.011243
0 0.648686 0.338294 0.004216 0.005952
0 0.595982 0.393684 0.004464 0.007606
0 0.491691 0.305721 0.005208 0.008267
0 0.575025 0.646495 0.004712 0.008598
0 0.609003 0.684028 0.004216 0.008267
0 0.552331 0.548942 0.005952 0.007275
0 0.385169 0.517692 0.004464 0.008267
1 0.699405 0.305886 0.011905 0.013889
