0 0.674479 0.566799 0.005208 0.008598
0 0.721602 0.551753 0.007192 0.007606
0 0.620784 0.560847 0.006944 0.021825
0 0.631944 0.607639 0.006944 0.008267
0 0.553447 0.595073 0.010665 0.007606
0 0.576637 0.614749 0.004464 0.005291
0 0.550595 0.610450 0.004464 0.008598
0 0.533234 0.607970 0.004464 0.008929
0 0.514757 0.650794 0.005208 0.006614
0 0.499132 0.621528 0.006696 0.007606
0 0.458705 0.625331 0.007192 0.011243
0 0.429812 0.611442 0.005456 0.005291
0 0.427827 0.603671 0.004464 0.005622
0 0.522569 0.623347 0.005456 0.006614
0 0.585317 0.663360 0.004960 0.007275
0 0.426215 0.556713 0.008185 0.006283
0 0.413442 0.536376 0.003968 0.005291
0 0.529142 0.535880 0.007192 0.004960
0 0.405754 0.474372 0.011905 0.008929
0 0.421751 0.456184 0.012153 0.006283
0 0.452381 0.472884 0.012897 0.019180
0 0.444072 0.478671 0.003720 0.004960
0 0.448413 0.431548 0.006944 0.009259
0 0.511285 0.500331 0.007688 0.007937
0 0.634301 0.491733 0.003720 0.006614
0 0.642981 0.489253 0.005208 0.006944
0 0.681920 0.472388 0.006696 0.008267
0 0.513889 0.423942 0.010913 0.017196
0 0.544891 0.405589 0.008929 0.010251
0 0.561632 0.452216 0.006200 0.012235
0 0.565476 0.467097 0.003968 0.005622
0 0.582713 0.445602 0.006696 0.008267
0 0.599950 0.447917 0.004960 0.005622
0 0.614583 0.440642 0.003472 0.006283
0 0.611111 0.429233 0.003968 0.005952
0 0.696801 0.369544 0.013145 0.010251
0 0.618676 0.386409 0.005208 0.008267
0 0.602183 0.378142 0.003968 0.006283
0 0.599826 0.407077 0.003224 0.009921
0 0.533110 0.364253 0.004712 0.008929
0 0.501736 0.307540 0.009425 0.013889
0 0.465030 0.315146 0.008433 0.007937
0 0.473834 0.373843 0.003224 0.005622
0 0.623264 0.334987 0.003472 0.009259
0 0.428695 0.338294 0.004216 0.009259
