0 0.577381 0.562831 0.004960 0.007275
0 0.584201 0.608300 0.007192 0.007606
0 0.555680 0.602844 0.004712 0.008598
0 0.559276 0.582011 0.006448 0.006614
0 0.604539 0.544808 0.004712 0.014881
0 0.632316 0.569775 0.008185 0.007937
0 0.671875 0.585317 0.006448 0.007275
0 0.648934 0.605159 0.007192 0.012566
0 0.558284 0.529101 0.004464 0.009259
0 0.487351 0.547950 0.007440 0.005952
0 0.522817 0.530589 0.009425 0.014220
0 0.413070 0.544147 0.004712 0.009590
0 0.423115 0.595569 0.003968 0.005291
0 0.711310 0.539683 0.004960 0.007275
0 0.463170 0.487765 0.005704 0.008598
0 0.488467 0.489583 0.004712 0.006283
0 0.434524 0.494048 0.005952 0.005291
0 0.439980 0.499339 0.004960 0.010582
0 0.445064 0.471561 0.005208 0.005952
0 0.418279 0.436508 0.006200 0.009921
0 0.461930 0.435847 0.004216 0.005952
0 0.649802 0.491071 0.003968 0.005291
0 0.667907 0.470238 0.008929 0.010582
0 0.632688 0.445602 0.006448 0.006944
0 0.580357 0.468089 0.004960 0.006944
0 0.622768 0.493056 0.004960 0.007937
0 0.676587 0.300265 0.006448 0.011243
0 0.641865 0.345073 0.005952 0.005622
0 0.616691 0.387235 0.005208 0.009259
0 0.612475 0.380126 0.005208 0.006944
0 0.611235 0.442626 0.003720 0.004299
0 0.549975 0.412864 0.005208 0.006944
0 0.404142 0.445602 0.006696 0.008929
0 0.436632 0.399306 0.005208 0.007606
0 0.599330 0.414187 0.013145 0.008267
0 0.496528 0.600694 0.003472 0.008267
0 0.512897 0.612269 0.003968 0.005622
0 0.480407 0.623016 0.003968 0.005291
0 0.452133 0.325893 0.004960 0.006283
0 0.470610 0.296462 0.007192 0.009590
0 0.440600 0.357474 0.005704 0.005291
0 0.510045 0.347388 0.005704 0.013558
0 0.461682 0.342097 0.006200 0.006283
