0 0.530382 0.610119 0.005704 0.008598
0 0.553075 0.593585 0.013889 0.007275
0 0.582713 0.610450 0.006696 0.005291
0 0.546627 0.617229 0.004464 0.009590
0 0.532118 0.625331 0.006200 0.004630
0 0.465402 0.619213 0.005208 0.010913
0 0.502852 0.609954 0.004712 0.008267
0 0.501240 0.619048 0.004960 0.005291
0 0.427331 0.587302 0.008433 0.009259
0 0.441840 0.609954 0.004712 0.005622
0 0.625992 0.609458 0.006944 0.009921
0 0.533978 0.648810 0.005456 0.005952
0 0.585317 0.669643 0.005456 0.008598
0 0.727059 0.545966 0.005208 0.006614
0 0.678819 0.565146 0.006448 0.011243
0 0.622396 0.541667 0.015625 0.009259
0 0.692956 0.471561 0.005952 0.007275
0 0.647197 0.489749 0.005704 0.010582
0 0.633805 0.482970 0.005208 0.007606
0 0.419891 0.536376 0.003968 0.005291
0 0.431424 0.554233 0.006696 0.005952
0 0.529638 0.543155 0.003224 0.012235
0 0.699033 0.376819 0.006200 0.008267
0 0.737103 0.374339 0.005456 0.005952
0 0.754712 0.405589 0.004960 0.008267
0 0.622768 0.340774 0.004464 0.010251
0 0.620908 0.384921 0.004712 0.007275
0 0.599702 0.364253 0.004464 0.005622
0 0.578373 0.378638 0.007440 0.012566
0 0.601190 0.414187 0.004960 0.007606
0 0.605903 0.423446 0.003968 0.005622
0 0.609499 0.432044 0.004216 0.006283
0 0.567584 0.428241 0.008185 0.009259
0 0.558656 0.438823 0.005704 0.005291
0 0.555308 0.451720 0.004464 0.006614
0 0.594370 0.451224 0.005208 0.004960
0 0.533730 0.507937 0.009425 0.009259
0 0.448661 0.442626 0.006448 0.011574
0 0.446057 0.447421 0.004712 0.006614
0 0.458953 0.468585 0.003224 0.007937
0 0.441344 0.483962 0.005704 0.008267
0 0.448661 0.476852 0.003472 0.006614
0 0.398934 0.485946 0.009177 0.006283
0 0.514757 0.436839 0.010169 0.016534
0 0.451885 0.414187 0.010913 0.014881
0 0.469122 0.358631 0.004216 0.006283
0 0.493676 0.324901 0.008681 0.010251
0 0.508805 0.300265 0.008681 0.017857
0 0.537202 0.339782 0.006448 0.008929
0 0.550967 0.235946 0.004712 0.010913
0 0.566220 0.225860 0.004464 0.006614
