0 0.562128 0.532573 0.010169 0.014220
0 0.582589 0.539352 0.008929 0.012566
0 0.595858 0.490741 0.007192 0.011243
0 0.649306 0.554563 0.007937 0.017196
0 0.618924 0.566138 0.005704 0.006614
0 0.720238 0.536376 0.008929 0.005952
0 0.741567 0.519015 0.006448 0.014220
0 0.690972 0.471892 0.004960 0.009259
0 0.495288 0.291667 0.005952 0.009921
0 0.493428 0.299769 0.004712 0.010251
0 0.482267 0.338294 0.004216 0.009921
0 0.661334 0.484623 0.006696 0.008929
0 0.668403 0.476687 0.004960 0.005622
0 0.718254 0.503638 0.004960 0.004630
0 0.417659 0.516204 0.013889 0.005952
0 0.405630 0.524802 0.004712 0.006614
0 0.425595 0.532573 0.006944 0.010251
0 0.580729 0.345073 0.006696 0.010251
0 0.593874 0.368552 0.009177 0.008929
0 0.599206 0.429729 0.008433 0.004960
0 0.635293 0.421958 0.004216 0.005952
0 0.475818 0.397487 0.014633 0.007937
0 0.465898 0.384094 0.005704 0.007606
0 0.457217 0.403439 0.004712 0.006614
0 0.432292 0.451224 0.008929 0.008929
0 0.458457 0.454200 0.004216 0.008267
0 0.472842 0.471396 0.004216 0.007606
0 0.480903 0.517196 0.005456 0.008598
0 0.428943 0.462798 0.008681 0.005622
0 0.396205 0.406581 0.010665 0.006283
0 0.412574 0.374669 0.008185 0.005291
0 0.566344 0.417493 0.007192 0.014881
0 0.600074 0.388724 0.006200 0.008267
0 0.573041 0.601687 0.007688 0.005622
0 0.596974 0.606647 0.004464 0.014881
0 0.601066 0.607474 0.005208 0.007275
0 0.579117 0.644511 0.005456 0.008598
0 0.462674 0.648810 0.005704 0.011243
0 0.484871 0.579696 0.004464 0.005291
0 0.490203 0.583003 0.003720 0.005952
0 0.499504 0.586806 0.003968 0.006283
0 0.388393 0.519015 0.004960 0.006944
0 0.392981 0.535549 0.004712 0.004299
0 0.653150 0.337798 0.006696 0.008267
0 0.613591 0.471065 0.004960 0.005622
0 0.547743 0.709656 0.007688 0.008598
