0 0.614087 0.543155 0.017361 0.008929
0 0.678323 0.568122 0.007440 0.014550
0 0.728547 0.542659 0.006200 0.007937
0 0.699405 0.381118 0.005456 0.006283
0 0.737723 0.371528 0.006200 0.006944
0 0.755704 0.410053 0.005952 0.007275
0 0.629216 0.476852 0.007440 0.006614
0 0.646577 0.486442 0.004960 0.008598
0 0.697793 0.471396 0.006200 0.006283
0 0.622272 0.614253 0.008433 0.008929
0 0.584821 0.607474 0.004960 0.006614
0 0.551959 0.590443 0.016617 0.011574
0 0.527158 0.606978 0.005704 0.008267
0 0.543279 0.616733 0.004712 0.005952
0 0.590030 0.365245 0.007440 0.008929
0 0.619792 0.381614 0.005456 0.008598
0 0.630704 0.376323 0.004464 0.005291
0 0.595734 0.355655 0.003968 0.004299
0 0.601314 0.414683 0.005704 0.009259
0 0.605159 0.425761 0.005952 0.010913
0 0.555804 0.414187 0.011905 0.010251
0 0.551959 0.425761 0.007192 0.005622
0 0.553199 0.439815 0.004712 0.009259
0 0.509053 0.438327 0.011161 0.018849
0 0.548735 0.511243 0.007688 0.011243
0 0.539311 0.543651 0.006200 0.009259
0 0.589906 0.672950 0.006696 0.007275
0 0.544395 0.646991 0.004960 0.006944
0 0.484995 0.675926 0.005208 0.008598
0 0.471354 0.617560 0.005208 0.012897
0 0.506448 0.603505 0.005952 0.009921
0 0.536458 0.623843 0.003968 0.004960
0 0.503968 0.617725 0.005456 0.007275
0 0.422247 0.569114 0.007192 0.009259
0 0.436260 0.551753 0.008929 0.006283
0 0.422743 0.536872 0.004216 0.005622
0 0.446553 0.605655 0.003720 0.006283
0 0.453001 0.423942 0.008681 0.012566
0 0.453869 0.405754 0.006448 0.010582
0 0.458333 0.441799 0.006448 0.007275
0 0.461310 0.466435 0.006448 0.008929
0 0.438740 0.486442 0.005952 0.005952
0 0.447793 0.473380 0.003720 0.005622
0 0.589410 0.450231 0.006696 0.005622
0 0.466642 0.351852 0.004216 0.008598
0 0.514261 0.294974 0.009673 0.011905
0 0.508061 0.328704 0.006696 0.008598
0 0.541171 0.328208 0.007440 0.006283
0 0.562872 0.222884 0.004216 0.005952
0 0.550223 0.240741 0.003720 0.006614
