0 0.411582 0.378803 0.010665 0.011574
0 0.495660 0.370040 0.010665 0.009259
0 0.517981 0.524306 0.009177 0.010913
0 0.560640 0.489749 0.006696 0.009259
0 0.577381 0.504134 0.005456 0.008929
0 0.613095 0.482970 0.005952 0.008267
0 0.613963 0.421958 0.007688 0.013228
0 0.666915 0.423446 0.006448 0.010251
0 0.710441 0.354167 0.007688 0.021825
0 0.696677 0.352679 0.007937 0.010913
0 0.593006 0.574405 0.011409 0.011243
0 0.531622 0.622520 0.006200 0.009590
0 0.509797 0.573909 0.009673 0.008267
0 0.555556 0.366237 0.006448 0.008267
0 0.511781 0.390212 0.006200 0.011243
0 0.574281 0.433036 0.007192 0.007606
0 0.579613 0.366567 0.004960 0.008267
0 0.619792 0.456019 0.006944 0.009921
0 0.621280 0.473380 0.006944 0.008929
0 0.400670 0.494213 0.007192 0.012235
0 0.440228 0.468419 0.006448 0.012235
0 0.482267 0.468089 0.007192 0.004960
0 0.461682 0.420470 0.006696 0.008267
0 0.463790 0.548776 0.007440 0.008929
0 0.472222 0.569279 0.004464 0.006944
0 0.479415 0.578538 0.004960 0.006944
0 0.581225 0.618552 0.005208 0.006944
0 0.599826 0.606978 0.007192 0.006944
0 0.632564 0.593585 0.007192 0.005952
0 0.586682 0.684193 0.005704 0.008598
0 0.575769 0.562996 0.006200 0.006283
0 0.595858 0.546131 0.003720 0.006944
0 0.673611 0.433532 0.008433 0.006614
0 0.718378 0.456680 0.007192 0.007937
0 0.673115 0.327381 0.005456 0.009259
0 0.636657 0.369709 0.004464 0.008598
0 0.498760 0.233962 0.006448 0.008267
0 0.489459 0.256448 0.007192 0.008929
0 0.571057 0.226190 0.007192 0.005291
0 0.524058 0.313327 0.006448 0.006944
0 0.461930 0.326720 0.005704 0.008598
0 0.495040 0.395999 0.005456 0.009590
0 0.605655 0.423115 0.005456 0.005622
