0 0.495536 0.372851 0.008929 0.010251
0 0.565352 0.371032 0.006696 0.010582
0 0.578001 0.367229 0.006200 0.007606
0 0.613591 0.432870 0.005456 0.010582
0 0.622272 0.448909 0.005952 0.008267
0 0.620908 0.490245 0.005704 0.008267
0 0.588914 0.567130 0.011657 0.017196
0 0.567584 0.498843 0.005704 0.010251
0 0.581969 0.515212 0.007688 0.013228
0 0.512773 0.522983 0.010665 0.012897
0 0.531498 0.629134 0.006944 0.008267
0 0.699281 0.344081 0.008185 0.012897
0 0.708085 0.350860 0.006944 0.019841
0 0.402406 0.502315 0.004712 0.010582
0 0.507440 0.389716 0.005456 0.010913
0 0.575645 0.437831 0.005952 0.011243
0 0.409598 0.364749 0.008185 0.011243
0 0.459325 0.347388 0.005952 0.008929
0 0.507316 0.575397 0.006200 0.006614
0 0.676463 0.434524 0.006696 0.011905
0 0.432044 0.476521 0.008433 0.008598
0 0.461930 0.432374 0.004712 0.009590
0 0.487599 0.399636 0.005456 0.010251
0 0.520461 0.315642 0.005208 0.006944
0 0.480903 0.256283 0.005952 0.007275
0 0.672123 0.337798 0.005456 0.010913
0 0.630580 0.380622 0.006200 0.009921
0 0.707217 0.468254 0.007192 0.007937
0 0.671751 0.445437 0.005704 0.009921
0 0.614583 0.472222 0.007937 0.007937
0 0.594618 0.606316 0.005208 0.006944
0 0.622644 0.595899 0.008681 0.006614
0 0.566592 0.567130 0.007688 0.006614
0 0.596602 0.549272 0.004712 0.007937
0 0.583209 0.632275 0.005704 0.007275
0 0.591270 0.683532 0.004960 0.007937
0 0.628968 0.699074 0.009425 0.011243
0 0.459945 0.549934 0.005208 0.005952
0 0.478175 0.574239 0.003968 0.007606
0 0.481027 0.584821 0.004712 0.006283
0 0.478299 0.473710 0.007192 0.008267
0 0.601438 0.420139 0.005456 0.006944
