0 0.640005 0.610450 0.006696 0.007275
0 0.622520 0.572421 0.004960 0.017196
0 0.678323 0.577712 0.004960 0.010582
0 0.723710 0.553737 0.009425 0.008267
0 0.579861 0.617560 0.004464 0.007606
0 0.593254 0.663856 0.004464 0.005622
0 0.559648 0.595569 0.009177 0.006614
0 0.553571 0.610946 0.004464 0.004960
0 0.539435 0.607474 0.005952 0.010582
0 0.461806 0.632937 0.005952 0.005952
0 0.496404 0.624835 0.004216 0.004960
0 0.503224 0.626819 0.004960 0.005622
0 0.522445 0.620536 0.004216 0.007606
0 0.505828 0.653274 0.004712 0.004299
0 0.424107 0.608962 0.009425 0.007606
0 0.425471 0.557540 0.007192 0.006614
0 0.413194 0.538360 0.003472 0.003968
0 0.412698 0.474372 0.006944 0.009590
0 0.412202 0.454696 0.010913 0.008598
0 0.442460 0.449405 0.007440 0.009259
0 0.443576 0.479663 0.006696 0.006283
0 0.456101 0.478175 0.005952 0.006614
0 0.462302 0.489253 0.006944 0.012897
0 0.505828 0.497520 0.007688 0.008267
0 0.530754 0.538360 0.011905 0.006614
0 0.568328 0.483962 0.004216 0.005622
0 0.565104 0.446429 0.005208 0.007937
0 0.593998 0.457341 0.007937 0.008598
0 0.605283 0.443948 0.004712 0.008267
0 0.622148 0.444114 0.004216 0.008598
0 0.635417 0.494544 0.005456 0.004960
0 0.647817 0.491237 0.005456 0.007606
0 0.681672 0.474868 0.005704 0.006614
0 0.608135 0.386905 0.004960 0.006614
0 0.605159 0.400298 0.005456 0.006944
0 0.618800 0.428241 0.005456 0.007937
0 0.620908 0.389716 0.005704 0.007606
0 0.697049 0.363757 0.005208 0.009921
0 0.517857 0.421462 0.010417 0.016865
0 0.525918 0.417163 0.009673 0.009590
0 0.477431 0.388228 0.004960 0.009259
0 0.453125 0.308532 0.005952 0.012566
0 0.507564 0.316634 0.014633 0.012235
0 0.535466 0.378142 0.003968 0.006283
0 0.426463 0.349868 0.003720 0.007937
0 0.628348 0.328704 0.003720 0.008598
