0 0.724826 0.553075 0.009673 0.008929
0 0.678075 0.585979 0.004960 0.009259
0 0.625620 0.577216 0.005704 0.009590
0 0.647321 0.610780 0.007440 0.008598
0 0.543031 0.602844 0.006200 0.011243
0 0.563988 0.592427 0.005456 0.006944
0 0.551463 0.611938 0.008185 0.006283
0 0.582589 0.611442 0.005952 0.010582
0 0.492560 0.622024 0.006944 0.005291
0 0.520337 0.612269 0.004464 0.006944
0 0.461062 0.635582 0.006448 0.007275
0 0.503348 0.625331 0.005704 0.005291
0 0.648313 0.489253 0.004464 0.005622
0 0.678199 0.474041 0.005704 0.007606
0 0.626116 0.444279 0.005208 0.007606
0 0.628596 0.490245 0.005704 0.005622
0 0.694816 0.354332 0.005704 0.010251
0 0.630704 0.322421 0.004960 0.005952
0 0.622024 0.388889 0.006448 0.007937
0 0.606771 0.393849 0.005208 0.005952
0 0.609995 0.396825 0.004216 0.005291
0 0.623264 0.420635 0.005952 0.007275
0 0.424231 0.603175 0.004712 0.005291
0 0.424231 0.553902 0.007192 0.006614
0 0.414807 0.535549 0.003720 0.004960
0 0.415923 0.470403 0.004464 0.009590
0 0.405878 0.444444 0.003720 0.009921
0 0.435516 0.462798 0.006944 0.008929
0 0.439112 0.482308 0.005704 0.008267
0 0.454613 0.477513 0.006944 0.007275
0 0.472098 0.501323 0.008681 0.014550
0 0.501860 0.492725 0.007688 0.007275
0 0.599950 0.468750 0.005952 0.010251
0 0.529514 0.538690 0.010417 0.006614
0 0.567336 0.437665 0.004216 0.005622
0 0.538194 0.384094 0.003968 0.006283
0 0.521453 0.417989 0.008185 0.012566
0 0.506820 0.417989 0.010169 0.006614
0 0.476935 0.395668 0.005456 0.007606
0 0.604663 0.438657 0.004464 0.010913
0 0.568948 0.489583 0.004464 0.006283
0 0.431176 0.355159 0.004712 0.007275
0 0.509177 0.321098 0.008929 0.013889
0 0.594866 0.660384 0.005208 0.006614
0 0.493428 0.655258 0.006200 0.006283
