0 0.552827 0.531581 0.009425 0.016204
0 0.578869 0.551257 0.007440 0.009259
0 0.570064 0.540675 0.005208 0.004630
0 0.585441 0.509921 0.005208 0.009921
0 0.622520 0.557209 0.009425 0.009259
0 0.594618 0.347388 0.003720 0.007606
0 0.603051 0.370701 0.007688 0.011243
0 0.590898 0.380126 0.004216 0.006944
0 0.593502 0.395007 0.002976 0.004960
0 0.638765 0.424769 0.005208 0.010251
0 0.682044 0.474868 0.004464 0.007275
0 0.561880 0.419974 0.004712 0.009921
0 0.585317 0.443122 0.004960 0.011905
0 0.612103 0.460483 0.003968 0.005622
0 0.661086 0.483466 0.004712 0.005952
0 0.649058 0.484954 0.006448 0.006944
0 0.461806 0.457507 0.008433 0.007606
0 0.453373 0.459491 0.004960 0.005622
0 0.439980 0.468585 0.007440 0.005952
0 0.472346 0.500827 0.006200 0.006944
0 0.476066 0.478671 0.003720 0.006944
0 0.400422 0.394511 0.004712 0.010582
0 0.421255 0.387897 0.005704 0.009259
0 0.452505 0.382440 0.004712 0.005622
0 0.449901 0.399802 0.010417 0.006614
0 0.455729 0.416667 0.006200 0.007275
0 0.397073 0.429729 0.004464 0.004960
0 0.659474 0.335317 0.005952 0.005291
0 0.502480 0.302910 0.005952 0.009259
0 0.486111 0.294147 0.004960 0.005622
0 0.476562 0.323413 0.007192 0.008598
0 0.390005 0.522487 0.006200 0.005291
0 0.432788 0.514220 0.005456 0.009921
0 0.406746 0.532077 0.003968 0.005291
0 0.405258 0.539683 0.004464 0.005952
0 0.411582 0.549769 0.009673 0.004960
0 0.476811 0.589616 0.007688 0.007275
0 0.492684 0.584987 0.003224 0.005952
0 0.499876 0.592593 0.003720 0.005952
0 0.600694 0.593585 0.005456 0.009921
0 0.649926 0.571925 0.005704 0.015542
0 0.562252 0.597884 0.004464 0.005952
0 0.592138 0.610450 0.005208 0.004630
0 0.700273 0.553737 0.011161 0.008267
0 0.709573 0.516700 0.004960 0.006944
0 0.742436 0.526124 0.012153 0.011905
0 0.462178 0.647487 0.005208 0.010582
0 0.582961 0.641700 0.007192 0.006944
0 0.641369 0.682044 0.005952 0.004960
