0 0.459697 0.647983 0.005208 0.009590
0 0.586310 0.640708 0.005952 0.006944
0 0.588170 0.610450 0.004712 0.005952
0 0.650670 0.681548 0.003720 0.003968
0 0.626984 0.559193 0.013889 0.009921
0 0.650050 0.582011 0.007937 0.015873
0 0.688120 0.559854 0.010665 0.008598
0 0.743552 0.532738 0.017857 0.012566
0 0.705729 0.521991 0.004712 0.008267
0 0.544271 0.531581 0.010169 0.016204
0 0.581845 0.523975 0.006448 0.009590
0 0.573041 0.537202 0.004216 0.006283
0 0.573661 0.558366 0.007440 0.009590
0 0.603671 0.580026 0.004464 0.011905
0 0.471354 0.598380 0.004216 0.010913
0 0.503720 0.597388 0.006448 0.005622
0 0.559648 0.593089 0.006200 0.004960
0 0.494420 0.587302 0.003720 0.003968
0 0.414435 0.592593 0.005952 0.007275
0 0.402530 0.558532 0.008433 0.007937
0 0.407986 0.536376 0.004960 0.006614
0 0.449405 0.524636 0.008433 0.014220
0 0.410218 0.542659 0.004464 0.005291
0 0.389757 0.525298 0.006200 0.005622
0 0.395709 0.433532 0.003224 0.006614
0 0.446305 0.473876 0.004216 0.006614
0 0.450521 0.462798 0.004712 0.004960
0 0.464906 0.495536 0.006696 0.012235
0 0.476935 0.481151 0.003968 0.005952
0 0.475074 0.462467 0.005704 0.006283
0 0.586682 0.452712 0.004216 0.010582
0 0.611607 0.452712 0.003968 0.005952
0 0.640501 0.482474 0.005704 0.006614
0 0.656622 0.483962 0.004712 0.006283
0 0.677083 0.470569 0.005456 0.008598
0 0.609499 0.374339 0.004712 0.010582
0 0.601935 0.350364 0.003968 0.008267
0 0.466642 0.317626 0.005704 0.005622
0 0.504712 0.308862 0.005456 0.010582
0 0.410838 0.372024 0.004712 0.010582
0 0.637525 0.427249 0.005208 0.008598
0 0.595238 0.388228 0.004960 0.009259
0 0.596974 0.402778 0.004464 0.004630
0 0.558904 0.417659 0.008185 0.007275
0 0.455853 0.423942 0.003968 0.007275
0 0.435020 0.405589 0.005456 0.008267
0 0.424851 0.391204 0.006448 0.008598
0 0.442584 0.371528 0.004712 0.009590
0 0.480655 0.287368 0.004960 0.005952
