0 0.510789 0.521991 0.009177 0.010251
0 0.572917 0.503142 0.004464 0.008267
0 0.588790 0.526290 0.008929 0.014220
0 0.588046 0.558036 0.010417 0.018188
0 0.613839 0.441138 0.005456 0.008598
0 0.623264 0.446925 0.005952 0.008267
0 0.578001 0.442626 0.007192 0.013558
0 0.623884 0.493056 0.006696 0.010582
0 0.682044 0.442626 0.007440 0.011574
0 0.700397 0.336310 0.008433 0.011905
0 0.704241 0.348876 0.009177 0.016534
0 0.403522 0.507937 0.005952 0.008598
0 0.426587 0.478175 0.006448 0.007937
0 0.454489 0.548446 0.004712 0.007606
0 0.496280 0.374339 0.009425 0.013228
0 0.572669 0.372851 0.006448 0.010251
0 0.575645 0.364749 0.005456 0.007937
0 0.456349 0.358631 0.006448 0.009590
0 0.519469 0.316634 0.004216 0.008267
0 0.478671 0.255622 0.007440 0.007275
0 0.533110 0.634921 0.008681 0.009259
0 0.479787 0.581019 0.006200 0.008598
0 0.484251 0.593089 0.007192 0.005622
0 0.504712 0.574901 0.004960 0.004960
0 0.595858 0.682044 0.004216 0.006283
0 0.616195 0.596396 0.006200 0.008267
0 0.701389 0.473876 0.006944 0.009259
0 0.458333 0.438327 0.005952 0.008929
0 0.474206 0.473545 0.006448 0.007275
0 0.482143 0.398148 0.005456 0.009259
0 0.505456 0.388558 0.006448 0.010582
0 0.405134 0.350364 0.005208 0.007606
0 0.673239 0.341766 0.004216 0.006944
0 0.622892 0.387235 0.007192 0.007275
0 0.608879 0.469246 0.007440 0.006614
0 0.668527 0.456019 0.005208 0.012566
0 0.563120 0.569940 0.005704 0.007606
0 0.597346 0.545800 0.004216 0.008929
0 0.593378 0.603175 0.005208 0.006614
0 0.582713 0.638228 0.005208 0.006614
0 0.624504 0.690972 0.008433 0.011574
