0 0.629712 0.606812 0.006944 0.007937
0 0.624256 0.550265 0.006944 0.020503
0 0.676587 0.562500 0.004960 0.007275
0 0.500124 0.617560 0.006200 0.011574
0 0.526414 0.624008 0.007192 0.007275
0 0.531870 0.608962 0.005208 0.008267
0 0.553571 0.594246 0.011409 0.007275
0 0.548611 0.611938 0.004960 0.009590
0 0.578621 0.612930 0.006944 0.005622
0 0.522321 0.650463 0.004960 0.005291
0 0.583705 0.666005 0.005208 0.007275
0 0.724082 0.548942 0.007192 0.007275
0 0.427579 0.555390 0.008929 0.006283
0 0.415427 0.535053 0.003968 0.005952
0 0.428447 0.598710 0.009673 0.006283
0 0.434276 0.611607 0.005456 0.005622
0 0.460193 0.621362 0.006696 0.013228
0 0.519221 0.502646 0.008681 0.009259
0 0.527902 0.537202 0.006696 0.008929
0 0.634673 0.488757 0.004464 0.007275
0 0.644965 0.489087 0.005704 0.009259
0 0.686508 0.471230 0.005456 0.007937
0 0.404638 0.478340 0.010169 0.006944
0 0.431548 0.452546 0.009921 0.007606
0 0.447421 0.458995 0.008929 0.015873
0 0.457713 0.469411 0.004216 0.006944
0 0.444196 0.478175 0.004960 0.004630
0 0.450893 0.477348 0.003968 0.007606
0 0.451265 0.421462 0.006200 0.007606
0 0.515377 0.428902 0.009921 0.015873
0 0.575521 0.437665 0.008185 0.008267
0 0.555804 0.454034 0.004960 0.006614
0 0.562004 0.453869 0.005456 0.005622
0 0.559524 0.394511 0.006944 0.013228
0 0.598710 0.408896 0.005952 0.008929
0 0.607515 0.425926 0.005208 0.007275
0 0.611235 0.436343 0.004712 0.007606
0 0.595858 0.448578 0.005208 0.004960
0 0.619048 0.385582 0.004960 0.009921
0 0.599950 0.370866 0.004464 0.006283
0 0.696801 0.371362 0.006200 0.008598
0 0.622148 0.334656 0.004712 0.007937
0 0.503596 0.304067 0.006200 0.018849
0 0.534102 0.353671 0.005208 0.008267
0 0.478671 0.319940 0.008929 0.013558
0 0.472966 0.368056 0.004464 0.006614
0 0.734995 0.376323 0.005208 0.007275
