0 0.618304 0.619544 0.006944 0.008267
0 0.581597 0.596230 0.004960 0.007275
0 0.601562 0.557209 0.013641 0.009259
0 0.548115 0.585979 0.009425 0.007275
0 0.523562 0.600364 0.005456 0.010251
0 0.534226 0.612434 0.004464 0.009259
0 0.537822 0.621362 0.006696 0.005952
0 0.557292 0.648313 0.004960 0.006944
0 0.503720 0.617394 0.004464 0.008598
0 0.511533 0.591601 0.003720 0.009921
0 0.484127 0.611111 0.005952 0.009259
0 0.490699 0.662368 0.006696 0.013228
0 0.593378 0.671131 0.004216 0.006283
0 0.728423 0.535880 0.006944 0.007606
0 0.673363 0.574074 0.005456 0.010582
0 0.445933 0.591104 0.004464 0.010251
0 0.427083 0.538194 0.003968 0.005622
0 0.423735 0.550926 0.004712 0.005291
0 0.438740 0.549272 0.004960 0.008598
0 0.569816 0.511739 0.004216 0.007606
0 0.560020 0.538525 0.006944 0.005622
0 0.616567 0.471561 0.007440 0.006614
0 0.634921 0.480820 0.006944 0.005291
0 0.697793 0.467262 0.005208 0.008598
0 0.759673 0.440146 0.006944 0.008598
0 0.760045 0.415344 0.007192 0.007937
0 0.736235 0.362269 0.004216 0.008267
0 0.702877 0.388889 0.005456 0.007275
0 0.591642 0.405258 0.004216 0.006283
0 0.597098 0.416832 0.005704 0.006283
0 0.600570 0.354001 0.004712 0.014220
0 0.617932 0.374835 0.004712 0.008267
0 0.631448 0.370701 0.003968 0.007937
0 0.534722 0.402447 0.010417 0.005291
0 0.539807 0.416667 0.003720 0.005952
0 0.555680 0.424934 0.006696 0.005291
0 0.579861 0.447090 0.005952 0.005952
0 0.505952 0.448909 0.007440 0.014881
0 0.460565 0.443783 0.009921 0.007937
0 0.427703 0.483466 0.004216 0.009259
0 0.453249 0.460979 0.003720 0.005291
0 0.450893 0.391865 0.008433 0.013228
0 0.521577 0.281250 0.006944 0.007606
0 0.544891 0.312169 0.005456 0.008598
0 0.535466 0.334821 0.005952 0.010251
0 0.588914 0.342758 0.003720 0.005622
0 0.558904 0.232970 0.005208 0.008267
0 0.459697 0.344577 0.005208 0.007275
0 0.440476 0.477513 0.005456 0.008598
