0 0.503472 0.521825 0.011409 0.013889
0 0.495040 0.495040 0.004464 0.005952
0 0.558656 0.502646 0.005704 0.007937
0 0.515501 0.536376 0.004216 0.005291
0 0.573041 0.578704 0.006696 0.007937
0 0.625868 0.571925 0.007192 0.011574
0 0.551339 0.590278 0.006448 0.010582
0 0.651042 0.609954 0.007440 0.010251
0 0.673115 0.595073 0.004960 0.005622
0 0.720610 0.546131 0.006200 0.009590
0 0.422247 0.602844 0.004216 0.007275
0 0.418031 0.547950 0.004216 0.005291
0 0.412202 0.537864 0.003472 0.004960
0 0.451761 0.649306 0.004216 0.006944
0 0.488095 0.624339 0.005456 0.007937
0 0.497396 0.613261 0.004216 0.007606
0 0.515501 0.608466 0.003224 0.008598
0 0.546503 0.611938 0.004216 0.006283
0 0.585193 0.605159 0.004712 0.005952
0 0.582713 0.666171 0.007688 0.006283
0 0.464162 0.279597 0.006200 0.015542
0 0.472594 0.297288 0.006696 0.005291
0 0.459697 0.317130 0.006696 0.005291
0 0.489087 0.324405 0.006944 0.009259
0 0.634921 0.335483 0.004960 0.010251
0 0.685268 0.323413 0.004960 0.011243
0 0.621156 0.386905 0.008185 0.007275
0 0.620412 0.395503 0.004216 0.007275
0 0.670263 0.470569 0.008185 0.008598
0 0.410590 0.435351 0.004712 0.005622
0 0.455109 0.405589 0.005456 0.014220
0 0.468378 0.424272 0.004712 0.006614
0 0.412822 0.450562 0.009673 0.008929
0 0.545883 0.401290 0.004464 0.006283
0 0.575893 0.453208 0.004464 0.008929
0 0.613591 0.425265 0.004960 0.007275
0 0.607391 0.406085 0.005456 0.007937
0 0.632192 0.446925 0.004464 0.006283
0 0.603423 0.418981 0.003968 0.006614
0 0.648934 0.490245 0.004712 0.005622
0 0.620660 0.483466 0.004216 0.006614
0 0.604043 0.511739 0.004216 0.011574
0 0.448537 0.471396 0.006200 0.004960
0 0.455357 0.486111 0.006944 0.009259
0 0.430928 0.488757 0.007688 0.007937
0 0.444320 0.353671 0.004216 0.004960
0 0.517361 0.384425 0.006448 0.010913
