1 0.576885 0.531085 0.013393 0.018519
1 0.578373 0.510417 0.009425 0.011574
1 0.606275 0.549769 0.009673 0.010251
1 0.630332 0.500661 0.007688 0.011905
1 0.617808 0.454200 0.009921 0.012235
1 0.627356 0.429729 0.004712 0.006283
1 0.688616 0.451224 0.005704 0.008929
1 0.685888 0.473380 0.006696 0.007606
1 0.696057 0.319114 0.009177 0.017196
1 0.584449 0.366733 0.005208 0.008598
1 0.489335 0.373347 0.006944 0.015873
1 0.499504 0.517196 0.006944 0.009921
1 0.534226 0.654597 0.009921 0.011574
1 0.451761 0.650794 0.006200 0.007937
1 0.391989 0.457011 0.004712 0.007275
1 0.415551 0.462798 0.004712 0.006283
1 0.391121 0.531581 0.006448 0.012235
1 0.405134 0.509425 0.006696 0.012235
1 0.446305 0.524471 0.004712 0.008598
1 0.447669 0.373347 0.006448 0.008598
1 0.565476 0.433532 0.005952 0.008598
1 0.573041 0.343585 0.006696 0.009259
1 0.477679 0.390708 0.008929 0.010251
1 0.506572 0.322421 0.007192 0.007937
1 0.615947 0.647983 0.007688 0.013558
1 0.596974 0.595569 0.005952 0.009921
1 0.612351 0.602183 0.004960 0.009259
1 0.601935 0.681052 0.005952 0.009590
1 0.489335 0.555556 0.006944 0.007275
1 0.667287 0.343089 0.006696 0.007606
1 0.610367 0.378638 0.005952 0.007275
1 0.604291 0.404597 0.005704 0.006944
1 0.600322 0.439319 0.004216 0.008929
1 0.671751 0.472884 0.005208 0.009921
1 0.748388 0.495040 0.014137 0.011243
1 0.605283 0.516204 0.006200 0.011243
1 0.482267 0.581019 0.006200 0.006614
1 0.499380 0.584491 0.005704 0.007606
1 0.557044 0.570106 0.005456 0.007275
1 0.454613 0.448413 0.004960 0.007275
1 0.471726 0.461310 0.003968 0.006614
1 0.581845 0.642692 0.005952 0.008267
1 0.493428 0.371693 0.005704 0.009259
1 0.376116 0.498181 0.010665 0.008929
1 0.702753 0.314815 0.008185 0.016534
