0 0.588666 0.662368 0.008185 0.007937
0 0.652282 0.612269 0.007937 0.010251
0 0.674355 0.595403 0.005952 0.007606
0 0.625992 0.576058 0.008433 0.009921
0 0.457093 0.645999 0.005952 0.006944
0 0.466146 0.668651 0.007192 0.006614
0 0.421255 0.604167 0.003224 0.005291
0 0.491319 0.622354 0.006448 0.006614
0 0.501984 0.620536 0.005456 0.004960
0 0.518229 0.609127 0.003720 0.005291
0 0.549603 0.596396 0.006448 0.012235
0 0.571181 0.586475 0.005952 0.008929
0 0.546379 0.614253 0.003968 0.005622
0 0.584821 0.605820 0.004960 0.006614
0 0.721850 0.548942 0.005208 0.009259
0 0.672867 0.473380 0.004960 0.008267
0 0.602927 0.497024 0.005456 0.011243
0 0.621032 0.484954 0.005456 0.005622
0 0.649182 0.492560 0.004712 0.005622
0 0.563616 0.498843 0.006696 0.005622
0 0.493552 0.518022 0.009921 0.012897
0 0.498140 0.493717 0.004216 0.007275
0 0.525174 0.538690 0.004712 0.006614
0 0.419891 0.550761 0.004464 0.006283
0 0.413318 0.538360 0.003720 0.004630
0 0.417287 0.459987 0.009177 0.007275
0 0.430432 0.482970 0.004712 0.007606
0 0.431052 0.488757 0.004464 0.005291
0 0.452009 0.474868 0.011161 0.007937
0 0.622520 0.390212 0.007440 0.007937
0 0.624256 0.408565 0.003968 0.009590
0 0.607515 0.402612 0.004216 0.009590
0 0.612971 0.416171 0.005208 0.008929
0 0.603795 0.430225 0.004216 0.008598
0 0.631944 0.449405 0.004464 0.005952
0 0.462674 0.290344 0.004712 0.013889
0 0.470362 0.298776 0.004216 0.007606
0 0.461806 0.312665 0.004960 0.009590
0 0.499876 0.324405 0.011161 0.014550
0 0.632937 0.332507 0.004464 0.008267
0 0.689236 0.337302 0.004464 0.010582
0 0.571057 0.445437 0.004712 0.010582
0 0.471230 0.416336 0.010913 0.010582
0 0.522073 0.400794 0.006448 0.009259
0 0.407986 0.436839 0.004464 0.005291
0 0.455109 0.484458 0.004464 0.007937
0 0.543651 0.399802 0.004960 0.007275
0 0.441220 0.358466 0.005952 0.005952
