0 0.647569 0.593585 0.006448 0.013889
0 0.678571 0.568122 0.005456 0.008598
0 0.629836 0.565476 0.008185 0.007275
0 0.559028 0.595569 0.006448 0.006614
0 0.567832 0.570933 0.006200 0.008929
0 0.603175 0.568618 0.004464 0.015542
0 0.583333 0.612434 0.004960 0.007275
0 0.508681 0.606151 0.005952 0.005291
0 0.495660 0.592097 0.004216 0.004960
0 0.471974 0.612269 0.005456 0.009590
0 0.417535 0.592097 0.004216 0.005622
0 0.408482 0.540675 0.004464 0.009921
0 0.411458 0.544478 0.002976 0.003638
0 0.533854 0.535880 0.011161 0.020833
0 0.578249 0.542659 0.005704 0.009259
0 0.568080 0.539187 0.004712 0.004299
0 0.705233 0.529597 0.004712 0.006944
0 0.673611 0.470569 0.005456 0.010582
0 0.635417 0.435681 0.006944 0.006283
0 0.653026 0.487765 0.003968 0.004630
0 0.633061 0.489749 0.007192 0.005952
0 0.609871 0.450231 0.004960 0.006283
0 0.582589 0.464286 0.004960 0.006614
0 0.444816 0.483962 0.005208 0.005622
0 0.451885 0.497851 0.004960 0.010251
0 0.471726 0.484954 0.005952 0.004960
0 0.481151 0.473876 0.004464 0.005952
0 0.446181 0.466601 0.002976 0.005291
0 0.395833 0.441138 0.004464 0.006614
0 0.424975 0.420966 0.005208 0.007937
0 0.425347 0.397487 0.005952 0.009259
0 0.456349 0.431548 0.003968 0.005291
0 0.593626 0.397983 0.007192 0.008267
0 0.599950 0.408565 0.006448 0.005622
0 0.612103 0.381118 0.005456 0.009590
0 0.553323 0.418155 0.004960 0.006944
0 0.605903 0.358962 0.004464 0.008267
0 0.654886 0.339782 0.005704 0.006944
0 0.426463 0.355985 0.006200 0.008267
0 0.437500 0.364253 0.003968 0.006944
0 0.455977 0.322421 0.005208 0.010582
0 0.473834 0.290179 0.008185 0.010251
0 0.463046 0.537864 0.008929 0.008929
0 0.455109 0.654266 0.004464 0.008267
0 0.583705 0.643188 0.006696 0.005952
0 0.505580 0.325066 0.006696 0.017196
