0 0.576017 0.507110 0.009673 0.010913
0 0.581721 0.545470 0.008185 0.012235
0 0.595858 0.541667 0.011161 0.011243
0 0.626860 0.496032 0.006200 0.010582
0 0.572297 0.440807 0.008185 0.010582
0 0.615699 0.444610 0.006696 0.010251
0 0.686632 0.448909 0.008681 0.008929
0 0.696429 0.336806 0.007440 0.016865
0 0.701141 0.326720 0.011409 0.014550
0 0.493304 0.371032 0.006944 0.012566
0 0.579985 0.369048 0.005704 0.008598
0 0.575521 0.354663 0.005208 0.006944
0 0.626612 0.435847 0.005704 0.006614
0 0.504836 0.518519 0.008681 0.009921
0 0.448537 0.535880 0.005704 0.010251
0 0.533978 0.642692 0.009921 0.009590
0 0.621404 0.672950 0.007192 0.014550
0 0.445809 0.657077 0.007192 0.010582
0 0.418651 0.471396 0.008433 0.010251
0 0.693080 0.473380 0.005704 0.004960
0 0.513393 0.324405 0.006944 0.010582
0 0.618056 0.385417 0.006448 0.007606
0 0.601314 0.412368 0.004712 0.005291
0 0.602555 0.454696 0.005208 0.007275
0 0.451265 0.369048 0.006200 0.010582
0 0.479415 0.395503 0.005952 0.007275
0 0.498884 0.382110 0.005208 0.010251
0 0.457217 0.442130 0.006200 0.009921
0 0.473090 0.463790 0.005704 0.006944
0 0.385913 0.464286 0.006448 0.007937
0 0.402902 0.507110 0.004712 0.010251
0 0.670139 0.344577 0.004464 0.005291
0 0.671503 0.463294 0.005208 0.011243
0 0.558780 0.570933 0.004464 0.004960
0 0.596354 0.595569 0.005208 0.005952
0 0.614955 0.597388 0.004712 0.009590
0 0.583581 0.641204 0.005456 0.006614
0 0.601066 0.680556 0.005208 0.006614
0 0.481771 0.578208 0.006696 0.006283
0 0.493304 0.588294 0.007440 0.005952
0 0.497644 0.562831 0.004712 0.007937
0 0.602059 0.533069 0.005704 0.011243
