0 0.490451 0.519511 0.008185 0.009259
0 0.570809 0.521495 0.011657 0.014550
0 0.581225 0.520503 0.006200 0.011243
0 0.541543 0.677249 0.008681 0.016534
0 0.605531 0.620536 0.008185 0.014220
0 0.609127 0.471065 0.010913 0.010251
0 0.640997 0.517692 0.006696 0.013558
0 0.617684 0.560847 0.006696 0.009259
0 0.687872 0.461806 0.005704 0.010913
0 0.666171 0.483962 0.007937 0.008267
0 0.675595 0.477348 0.005952 0.006283
0 0.733879 0.498347 0.008929 0.009259
0 0.735615 0.519015 0.008929 0.010251
0 0.588046 0.369544 0.006448 0.014220
0 0.568328 0.342593 0.005208 0.009259
0 0.561384 0.420635 0.005208 0.008598
0 0.602059 0.431052 0.005704 0.006283
0 0.628348 0.425265 0.006200 0.006614
0 0.489211 0.381614 0.005704 0.009921
0 0.481275 0.265708 0.007192 0.011574
0 0.405258 0.466601 0.008433 0.008598
0 0.414559 0.463790 0.007192 0.005622
0 0.404638 0.515212 0.006200 0.009259
0 0.406374 0.525298 0.009177 0.009590
0 0.438616 0.516204 0.006696 0.008598
0 0.400422 0.367229 0.009673 0.010251
0 0.450397 0.391204 0.005952 0.009259
0 0.484995 0.363757 0.008681 0.007937
0 0.471478 0.389220 0.005456 0.009259
0 0.456845 0.647487 0.005456 0.008598
0 0.482143 0.569114 0.004464 0.009921
0 0.386781 0.519015 0.004712 0.007606
0 0.395337 0.443618 0.004960 0.006944
0 0.455853 0.454034 0.005456 0.007275
0 0.470114 0.463790 0.004712 0.007606
0 0.497148 0.316138 0.005208 0.006614
0 0.597098 0.374339 0.005704 0.004630
0 0.600074 0.400794 0.003224 0.007937
0 0.654514 0.342593 0.005952 0.006614
0 0.567088 0.486442 0.003720 0.005952
0 0.608135 0.495536 0.004464 0.006944
0 0.551463 0.560847 0.006696 0.009259
0 0.589286 0.605655 0.006944 0.007606
0 0.606523 0.606647 0.004712 0.004960
0 0.576513 0.645833 0.005704 0.005291
0 0.603423 0.681052 0.004960 0.005622
0 0.485119 0.583829 0.005456 0.006283
0 0.500620 0.586806 0.006200 0.007606
1 0.698909 0.305721 0.007937 0.014220
1 0.708829 0.301587 0.010417 0.015212
