0 0.652406 0.613261 0.007192 0.008929
0 0.675843 0.592097 0.006448 0.014881
0 0.627976 0.579200 0.005952 0.008929
0 0.722842 0.550430 0.006696 0.007606
0 0.568576 0.590278 0.006696 0.009259
0 0.584697 0.607474 0.004712 0.007275
0 0.547743 0.600860 0.006200 0.011243
0 0.547123 0.615741 0.006944 0.004630
0 0.478423 0.661872 0.006944 0.006283
0 0.459325 0.642196 0.006944 0.006614
0 0.492932 0.621528 0.008185 0.004960
0 0.503348 0.623347 0.004216 0.003968
0 0.518973 0.609458 0.004216 0.004630
0 0.592138 0.661376 0.004712 0.005952
0 0.649182 0.490741 0.004216 0.005952
0 0.623636 0.484458 0.005208 0.005952
0 0.675099 0.474868 0.004960 0.007937
0 0.629216 0.446594 0.003968 0.006283
0 0.604291 0.433036 0.003720 0.007606
0 0.611855 0.409888 0.004960 0.009590
0 0.625620 0.414683 0.003224 0.009259
0 0.622644 0.391204 0.008681 0.008598
0 0.607515 0.398810 0.003720 0.006614
0 0.423115 0.604167 0.003472 0.004630
0 0.416171 0.536376 0.003968 0.005291
0 0.484623 0.512401 0.009425 0.013558
0 0.423115 0.553241 0.004960 0.007937
0 0.499628 0.492560 0.005208 0.006283
0 0.527406 0.540675 0.009673 0.007275
0 0.566344 0.493552 0.005704 0.005622
0 0.602307 0.484458 0.004712 0.011243
0 0.406870 0.438823 0.003720 0.006614
0 0.417039 0.465278 0.007192 0.008598
0 0.432664 0.476687 0.005704 0.009590
0 0.435764 0.486442 0.003968 0.005952
0 0.455481 0.484954 0.003224 0.004299
0 0.455729 0.475529 0.010665 0.007937
0 0.473462 0.409557 0.004464 0.009590
0 0.486359 0.418651 0.011905 0.006614
0 0.522445 0.409888 0.008185 0.012235
0 0.542535 0.394511 0.005208 0.006614
0 0.570437 0.440146 0.004960 0.006614
0 0.632316 0.328208 0.003720 0.005622
0 0.691468 0.345569 0.005456 0.010582
0 0.438616 0.359458 0.006696 0.004630
0 0.461310 0.296462 0.005456 0.012897
0 0.463294 0.306217 0.004960 0.008598
0 0.470486 0.294478 0.003968 0.010251
0 0.504092 0.323909 0.006200 0.014220
