0 0.558656 0.532077 0.009177 0.014550
0 0.569816 0.542659 0.008681 0.005291
0 0.582217 0.546462 0.007688 0.010251
0 0.591022 0.502315 0.005456 0.011905
0 0.567088 0.598876 0.005704 0.005291
0 0.599950 0.598876 0.005456 0.013228
0 0.596478 0.607474 0.005456 0.004630
0 0.582093 0.643519 0.005456 0.007937
0 0.621900 0.560516 0.007192 0.008598
0 0.650546 0.566303 0.007440 0.017526
0 0.744172 0.523479 0.008681 0.015212
0 0.711806 0.549107 0.010417 0.010913
0 0.713914 0.512235 0.006200 0.006614
0 0.652778 0.484458 0.006448 0.007937
0 0.663566 0.481812 0.005704 0.007937
0 0.686260 0.475860 0.004960 0.007937
0 0.438492 0.467097 0.006944 0.004960
0 0.477431 0.508929 0.005952 0.006614
0 0.475322 0.478671 0.003224 0.006944
0 0.451761 0.455688 0.007192 0.006614
0 0.458085 0.459491 0.003968 0.007606
0 0.427083 0.512897 0.005456 0.006614
0 0.409970 0.530589 0.003968 0.005622
0 0.422247 0.543651 0.005704 0.005952
0 0.394345 0.521495 0.005456 0.005291
0 0.405382 0.539187 0.005704 0.004299
0 0.483011 0.328042 0.006200 0.010582
0 0.492312 0.295966 0.004464 0.007937
0 0.500868 0.301422 0.007688 0.009590
0 0.656870 0.336806 0.006696 0.006944
0 0.602183 0.370536 0.006448 0.010251
0 0.591890 0.347884 0.003720 0.007937
0 0.637897 0.424934 0.005952 0.010582
0 0.592758 0.437335 0.006944 0.008929
0 0.614335 0.466104 0.004464 0.006283
0 0.592758 0.377811 0.004960 0.007606
0 0.566716 0.420470 0.004464 0.011574
0 0.597966 0.391700 0.004464 0.004960
0 0.461062 0.386905 0.006944 0.007275
0 0.462178 0.400959 0.015129 0.008267
0 0.458085 0.413690 0.003968 0.006614
0 0.420635 0.384755 0.007937 0.006944
0 0.400050 0.401786 0.005952 0.010582
0 0.482019 0.585813 0.005208 0.005622
0 0.493056 0.585317 0.003968 0.006614
0 0.500620 0.591104 0.003224 0.005622
0 0.465154 0.647817 0.004712 0.010582
0 0.634673 0.683036 0.004960 0.006283
