0 0.390129 0.538360 0.007440 0.013228
0 0.400546 0.588790 0.007440 0.012235
0 0.466022 0.454530 0.005456 0.008267
0 0.528646 0.517196 0.008681 0.010582
0 0.550471 0.472388 0.005208 0.012235
0 0.571057 0.476852 0.008185 0.009259
0 0.576389 0.449735 0.004960 0.008598
0 0.607019 0.566138 0.010169 0.009259
0 0.537946 0.606647 0.007937 0.010251
0 0.514013 0.572421 0.006696 0.008598
0 0.411582 0.392196 0.009673 0.009259
0 0.497520 0.366237 0.007440 0.008267
0 0.611979 0.467593 0.007192 0.007937
0 0.603671 0.472553 0.006448 0.008598
0 0.573661 0.372851 0.004464 0.005622
0 0.607763 0.395503 0.005704 0.009921
0 0.654638 0.406085 0.006696 0.008598
0 0.693204 0.376157 0.007937 0.012897
0 0.531374 0.347884 0.005208 0.006614
0 0.460441 0.305556 0.004216 0.006614
0 0.719494 0.359954 0.008929 0.015542
0 0.689856 0.429729 0.006696 0.008267
0 0.739583 0.455522 0.007440 0.009590
0 0.516989 0.396825 0.005704 0.010582
0 0.399678 0.501488 0.006696 0.007606
0 0.477307 0.548115 0.004216 0.013558
0 0.526166 0.329200 0.007192 0.006944
0 0.464162 0.421627 0.006200 0.007275
0 0.487227 0.460483 0.003224 0.008929
0 0.671503 0.334325 0.004712 0.007275
0 0.639261 0.359458 0.006696 0.005952
0 0.505580 0.251819 0.007192 0.007606
0 0.635665 0.482804 0.008433 0.005291
0 0.612723 0.619709 0.007688 0.005291
0 0.655258 0.671792 0.005952 0.006283
0 0.647445 0.606812 0.003720 0.004630
0 0.578993 0.697090 0.004216 0.008598
