0 0.604911 0.548942 0.017857 0.013228
0 0.673859 0.571925 0.003968 0.010251
0 0.619544 0.618552 0.007440 0.008267
0 0.583333 0.602348 0.003968 0.007606
0 0.758061 0.412368 0.007688 0.006614
0 0.761657 0.441634 0.007440 0.008267
0 0.700149 0.385913 0.005952 0.007275
0 0.591394 0.347388 0.003720 0.007606
0 0.597098 0.356978 0.005208 0.012235
0 0.618428 0.378142 0.005704 0.008267
0 0.486855 0.666667 0.005952 0.012566
0 0.524430 0.603671 0.005704 0.008929
0 0.549479 0.588790 0.012649 0.006944
0 0.537450 0.615575 0.003968 0.006283
0 0.478299 0.615741 0.005208 0.009259
0 0.509673 0.598380 0.003472 0.008929
0 0.503348 0.618221 0.004216 0.007606
0 0.551959 0.646495 0.004216 0.005952
0 0.507440 0.445933 0.009425 0.019511
0 0.541915 0.405093 0.010913 0.007937
0 0.544519 0.419974 0.005704 0.007275
0 0.555556 0.430556 0.007440 0.008598
0 0.595858 0.409392 0.004216 0.007275
0 0.600818 0.414187 0.004216 0.006283
0 0.599702 0.420470 0.003968 0.005622
0 0.697049 0.468585 0.006200 0.008598
0 0.729291 0.539187 0.004712 0.006944
0 0.621280 0.472884 0.006448 0.005952
0 0.641245 0.484458 0.005704 0.005952
0 0.563244 0.511739 0.005952 0.008267
0 0.551959 0.542659 0.007688 0.007937
0 0.591766 0.672454 0.004960 0.005622
0 0.736111 0.364749 0.004464 0.007937
0 0.631076 0.373843 0.004216 0.004960
0 0.424851 0.537368 0.003968 0.005291
0 0.437500 0.549934 0.005952 0.007275
0 0.421379 0.557540 0.003968 0.007275
0 0.445685 0.599868 0.004464 0.007275
0 0.431300 0.485946 0.005456 0.006283
0 0.441592 0.474868 0.004216 0.006614
0 0.455357 0.464286 0.004960 0.006614
0 0.460317 0.442130 0.007440 0.006614
0 0.449901 0.395503 0.008929 0.007937
0 0.451265 0.404101 0.006696 0.011905
0 0.462178 0.345899 0.005704 0.008598
0 0.518601 0.285384 0.006944 0.007937
0 0.523065 0.330522 0.006944 0.009590
0 0.543775 0.317130 0.006200 0.007275
0 0.555308 0.238261 0.004960 0.006944
