0 0.674355 0.666171 0.010417 0.008267
0 0.562376 0.645833 0.006200 0.009259
0 0.614211 0.612599 0.008681 0.009590
0 0.594370 0.663029 0.004712 0.005952
0 0.727679 0.530589 0.007440 0.006944
0 0.672619 0.571925 0.004464 0.007606
0 0.756076 0.436343 0.008185 0.006283
0 0.695685 0.464286 0.005456 0.007937
0 0.707713 0.394345 0.007688 0.012235
0 0.734623 0.355159 0.003472 0.007275
0 0.594246 0.561839 0.012401 0.014550
0 0.579985 0.587798 0.007192 0.004960
0 0.547867 0.581184 0.006944 0.007606
0 0.573041 0.527778 0.005704 0.007275
0 0.571801 0.510417 0.007192 0.007606
0 0.493180 0.653274 0.007688 0.013558
0 0.521453 0.592262 0.007192 0.008598
0 0.516369 0.583003 0.003968 0.007937
0 0.533358 0.603175 0.005208 0.009259
0 0.541667 0.618056 0.006448 0.006614
0 0.508929 0.615245 0.005952 0.009590
0 0.493428 0.600364 0.005208 0.010913
0 0.427827 0.539683 0.007440 0.012566
0 0.431052 0.538029 0.005952 0.009921
0 0.442212 0.546627 0.008433 0.008598
0 0.449901 0.573413 0.006448 0.015873
0 0.612971 0.474041 0.005208 0.010251
0 0.628472 0.479663 0.006944 0.007606
0 0.558036 0.421958 0.007937 0.011243
0 0.595238 0.409557 0.004464 0.006283
0 0.588790 0.397983 0.003472 0.006944
0 0.594122 0.415675 0.007192 0.005952
0 0.578993 0.442956 0.006200 0.007606
0 0.521205 0.395007 0.010169 0.006283
0 0.544147 0.404597 0.005456 0.004299
0 0.606523 0.352679 0.005704 0.016204
0 0.618676 0.368717 0.004712 0.008598
0 0.632068 0.363426 0.008185 0.013228
0 0.550719 0.345073 0.006696 0.016204
0 0.586434 0.333003 0.004216 0.005291
0 0.562500 0.228175 0.004464 0.011243
0 0.525050 0.272487 0.005456 0.009921
0 0.547247 0.302745 0.005704 0.007606
0 0.426835 0.471396 0.003472 0.012897
0 0.442460 0.475529 0.008929 0.005952
0 0.455853 0.453538 0.004960 0.004299
0 0.460069 0.443618 0.010417 0.008929
0 0.501612 0.453704 0.009673 0.021164
0 0.453373 0.373512 0.007937 0.014220
0 0.451017 0.382771 0.007688 0.008929
0 0.459077 0.340278 0.006448 0.007275
