0 0.519965 0.523313 0.006696 0.010251
0 0.533978 0.615245 0.006944 0.014220
0 0.599950 0.572917 0.011409 0.010913
0 0.610491 0.409392 0.006200 0.010582
0 0.656746 0.414683 0.005952 0.009259
0 0.607515 0.478340 0.005704 0.009590
0 0.573909 0.489749 0.004960 0.008598
0 0.553571 0.482474 0.006448 0.009259
0 0.712302 0.354663 0.008929 0.023479
0 0.694196 0.363261 0.007937 0.012897
0 0.613715 0.462302 0.006696 0.007275
0 0.571057 0.438657 0.006696 0.009590
0 0.468006 0.548446 0.003968 0.008929
0 0.506944 0.576224 0.006448 0.010251
0 0.494792 0.370536 0.010913 0.008267
0 0.462922 0.315146 0.004712 0.008598
0 0.542039 0.358962 0.005704 0.008267
0 0.574405 0.369048 0.006448 0.005952
0 0.409102 0.386409 0.009177 0.007606
0 0.510665 0.396495 0.005456 0.007937
0 0.499876 0.399306 0.006200 0.008267
0 0.452753 0.465278 0.005208 0.011905
0 0.461062 0.423776 0.005456 0.007606
0 0.481275 0.467262 0.007192 0.006614
0 0.401290 0.497520 0.007440 0.003638
0 0.496776 0.257606 0.006944 0.007275
0 0.524678 0.321429 0.007192 0.008598
0 0.569568 0.228505 0.007192 0.005952
0 0.678075 0.429729 0.008433 0.006944
0 0.730407 0.452546 0.007440 0.005622
0 0.606523 0.431217 0.006200 0.006614
0 0.624752 0.479332 0.006944 0.007606
0 0.603175 0.620040 0.008433 0.007937
0 0.639137 0.604828 0.006944 0.007275
0 0.573909 0.622354 0.007440 0.005952
0 0.577009 0.577712 0.004712 0.007275
0 0.590898 0.551918 0.004712 0.007937
0 0.579365 0.691138 0.005456 0.008598
0 0.463542 0.570271 0.006448 0.006283
0 0.478795 0.578042 0.006200 0.005952
0 0.636037 0.358135 0.005704 0.009921
0 0.667411 0.325562 0.004464 0.006944
