0 0.609871 0.632937 0.005952 0.013889
0 0.595486 0.603175 0.004464 0.011905
0 0.608631 0.605655 0.004960 0.006944
0 0.536458 0.668155 0.008433 0.013558
0 0.572297 0.522487 0.011161 0.015212
0 0.579613 0.516204 0.006448 0.009921
0 0.612723 0.557044 0.008681 0.008267
0 0.612475 0.463790 0.009673 0.010913
0 0.636285 0.508102 0.008681 0.012897
0 0.669147 0.483135 0.005952 0.007275
0 0.678819 0.479167 0.007937 0.009259
0 0.687252 0.458003 0.005456 0.011243
0 0.488591 0.378142 0.005456 0.012897
0 0.561880 0.426257 0.004712 0.007275
0 0.627356 0.428737 0.004712 0.006944
0 0.587178 0.367229 0.005704 0.009590
0 0.568328 0.338294 0.006696 0.007275
0 0.737971 0.497024 0.007192 0.008598
0 0.737971 0.511905 0.007192 0.009259
0 0.478671 0.257937 0.008433 0.017857
0 0.501984 0.320933 0.009921 0.008267
0 0.494172 0.517196 0.008185 0.009259
0 0.402158 0.524802 0.006696 0.009259
0 0.403398 0.513724 0.005704 0.011574
0 0.395461 0.479167 0.011657 0.011905
0 0.412326 0.462798 0.005208 0.006283
0 0.442212 0.517196 0.006944 0.009921
0 0.455481 0.649967 0.009177 0.009590
0 0.601935 0.433036 0.006448 0.008267
0 0.448289 0.384425 0.007192 0.008929
0 0.474206 0.391204 0.006944 0.007937
0 0.487971 0.366237 0.005208 0.007606
0 0.393601 0.449901 0.005456 0.008267
0 0.483631 0.560351 0.004960 0.010913
0 0.607887 0.504630 0.005456 0.009259
0 0.602555 0.375827 0.005704 0.006283
0 0.602927 0.402778 0.004960 0.006614
0 0.659970 0.341601 0.006448 0.007275
0 0.455729 0.453704 0.005208 0.004630
0 0.471974 0.462798 0.004960 0.005622
0 0.484003 0.584491 0.005704 0.006283
0 0.502356 0.584987 0.005704 0.006614
0 0.553323 0.564815 0.004464 0.008598
0 0.579861 0.647487 0.006944 0.006614
0 0.602555 0.682044 0.003720 0.006944
0 0.386657 0.516700 0.006944 0.006944
0 0.393477 0.365245 0.008185 0.007606
1 0.695685 0.308697 0.008433 0.017526
1 0.705605 0.306217 0.008929 0.016534
