0 0.672247 0.578704 0.005704 0.007275
0 0.646701 0.600364 0.007192 0.012897
0 0.631448 0.567626 0.006448 0.007606
0 0.581473 0.608466 0.006696 0.006614
0 0.576513 0.555060 0.004216 0.008267
0 0.602927 0.553737 0.004960 0.016865
0 0.556300 0.598876 0.003968 0.007937
0 0.561136 0.577712 0.005208 0.007937
0 0.474206 0.546958 0.008433 0.005952
0 0.493552 0.597884 0.003472 0.005952
0 0.508681 0.611938 0.006448 0.005622
0 0.474206 0.620536 0.005456 0.005622
0 0.418651 0.594577 0.004464 0.005952
0 0.407614 0.545470 0.004216 0.006944
0 0.434896 0.492560 0.010169 0.004960
0 0.442088 0.501323 0.007192 0.011905
0 0.464534 0.489253 0.007937 0.007606
0 0.484127 0.484458 0.004464 0.005952
0 0.440972 0.471892 0.003968 0.004630
0 0.419147 0.430225 0.004960 0.009259
0 0.395461 0.444610 0.008185 0.004960
0 0.457217 0.435351 0.004216 0.005622
0 0.578621 0.470073 0.005456 0.005622
0 0.549107 0.415675 0.003968 0.005952
0 0.633309 0.441634 0.004216 0.005622
0 0.666915 0.470734 0.009425 0.012897
0 0.650422 0.490906 0.005704 0.004960
0 0.624380 0.494709 0.005704 0.006614
0 0.609375 0.446429 0.003968 0.004630
0 0.672619 0.293155 0.005952 0.011574
0 0.645213 0.342097 0.005704 0.005622
0 0.608879 0.372189 0.008433 0.008929
0 0.506944 0.334987 0.005952 0.012566
0 0.445561 0.345073 0.008681 0.008267
0 0.449901 0.322917 0.009425 0.012897
0 0.467882 0.290675 0.004712 0.007937
0 0.435268 0.356978 0.006448 0.005622
0 0.428199 0.397817 0.005704 0.009259
0 0.613467 0.383929 0.007192 0.009259
0 0.594122 0.407903 0.006200 0.008267
0 0.706597 0.535880 0.006448 0.008267
0 0.600694 0.410880 0.003968 0.004960
0 0.579241 0.650298 0.004712 0.006944
0 0.560392 0.534392 0.006696 0.007937
0 0.527034 0.531581 0.008433 0.017526
0 0.450273 0.656581 0.005704 0.007606
