0 0.648562 0.608300 0.007440 0.010913
0 0.671007 0.589120 0.007688 0.006283
0 0.714658 0.541336 0.005208 0.009921
0 0.627480 0.570437 0.010417 0.008598
0 0.575025 0.571098 0.005704 0.007275
0 0.603671 0.526951 0.005456 0.012897
0 0.585317 0.604332 0.006448 0.006283
0 0.552579 0.585979 0.009921 0.008598
0 0.552207 0.607474 0.006200 0.009259
0 0.667907 0.470569 0.009425 0.007937
0 0.454241 0.318783 0.005704 0.005291
0 0.475694 0.330688 0.006448 0.007275
0 0.511905 0.366898 0.005952 0.012897
0 0.679563 0.310516 0.005952 0.011905
0 0.497024 0.608135 0.004464 0.008598
0 0.515873 0.611607 0.004464 0.010251
0 0.578249 0.660880 0.005208 0.008267
0 0.485615 0.626984 0.004960 0.006614
0 0.422619 0.600033 0.004464 0.005622
0 0.409226 0.539848 0.003472 0.005622
0 0.413690 0.547123 0.003968 0.006283
0 0.636781 0.340112 0.006200 0.010913
0 0.616567 0.387070 0.007440 0.008267
0 0.513021 0.526786 0.010665 0.015873
0 0.504340 0.539848 0.006696 0.010913
0 0.556672 0.512731 0.003224 0.009590
0 0.492684 0.493221 0.004712 0.005622
0 0.648810 0.490575 0.003968 0.006283
0 0.619792 0.486938 0.004464 0.006944
0 0.428447 0.488426 0.005704 0.008598
0 0.433408 0.495040 0.010169 0.007937
0 0.446925 0.468089 0.005456 0.004960
0 0.461434 0.483135 0.005208 0.006614
0 0.407118 0.439153 0.004712 0.009921
0 0.413566 0.443122 0.005704 0.008598
0 0.444196 0.397652 0.004960 0.009590
0 0.465898 0.429729 0.005208 0.006283
0 0.547619 0.407242 0.004464 0.006944
0 0.602803 0.413525 0.006696 0.006944
0 0.610987 0.435847 0.004216 0.006614
0 0.578125 0.461144 0.004464 0.008267
0 0.631200 0.446263 0.004960 0.006283
0 0.470734 0.294147 0.006944 0.006944
0 0.441716 0.351190 0.004960 0.005291
