0 0.541997 0.613219 0.004630 0.002728
0 0.551918 0.604787 0.005291 0.004216
0 0.589451 0.544147 0.004299 0.002976
0 0.616733 0.538442 0.002646 0.003472
0 0.698413 0.626240 0.003968 0.004464
0 0.668651 0.633929 0.004630 0.003472
0 0.394841 0.572793 0.003968 0.002728
0 0.451720 0.523438 0.005291 0.002728
0 0.403935 0.682540 0.004960 0.003472
0 0.593750 0.669023 0.004299 0.003720
0 0.597222 0.714658 0.001984 0.002232
0 0.611607 0.716642 0.003638 0.002728
0 0.325066 0.593874 0.003968 0.002728
0 0.306878 0.631696 0.002646 0.002480
0 0.288690 0.700273 0.010582 0.004216
0 0.285384 0.597098 0.007275 0.003720
0 0.450728 0.686384 0.003968 0.002728
0 0.617725 0.682168 0.003307 0.002728
0 0.661376 0.638889 0.002646 0.002976
0 0.684358 0.585193 0.002976 0.002232
0 0.305390 0.532366 0.006283 0.002728
0 0.318783 0.551587 0.003307 0.002480
0 0.417989 0.536086 0.003968 0.002728
0 0.287368 0.547247 0.002646 0.001736
0 0.284392 0.536334 0.003968 0.002232
0 0.534392 0.455357 0.003307 0.001984
0 0.477513 0.698041 0.003307 0.003224
0 0.318287 0.619916 0.003638 0.001736
0 0.353836 0.712550 0.002646 0.001984
0 0.520833 0.728671 0.001984 0.002480
0 0.359127 0.624380 0.001984 0.002232
0 0.307374 0.521577 0.003638 0.002976
