0 0.567336 0.699735 0.004216 0.005291
0 0.567832 0.666171 0.004216 0.007606
0 0.663566 0.550761 0.006696 0.005622
0 0.711806 0.582672 0.005456 0.007937
0 0.714038 0.418651 0.005952 0.006614
0 0.724330 0.401290 0.009177 0.008929
0 0.709945 0.392196 0.005704 0.007275
0 0.718874 0.342593 0.007192 0.007275
0 0.705109 0.346396 0.005456 0.009590
0 0.650050 0.394511 0.005952 0.007937
0 0.616939 0.688492 0.002728 0.003307
0 0.608507 0.649306 0.002728 0.003638
0 0.617063 0.660384 0.002480 0.002646
0 0.631572 0.652778 0.002232 0.003307
0 0.573413 0.685681 0.002976 0.004299
0 0.538318 0.365575 0.004216 0.006283
0 0.540055 0.382275 0.003720 0.005291
0 0.549231 0.400463 0.003720 0.004630
0 0.616071 0.447421 0.004464 0.004630
0 0.591022 0.494378 0.004464 0.005952
0 0.549355 0.617725 0.002976 0.005291
0 0.537946 0.677579 0.003968 0.006614
0 0.619172 0.374173 0.004216 0.004960
0 0.493056 0.368717 0.002976 0.004630
