0 0.548446 0.622024 0.005622 0.003472
0 0.646660 0.588542 0.002976 0.002480
0 0.706019 0.639137 0.002646 0.002480
0 0.587302 0.632564 0.003968 0.001736
0 0.621362 0.635541 0.003307 0.002232
0 0.682209 0.545015 0.004630 0.003720
0 0.674603 0.509177 0.003307 0.002480
0 0.681217 0.479043 0.003307 0.002728
0 0.696263 0.475322 0.002976 0.001736
0 0.598214 0.457093 0.001984 0.001488
0 0.499835 0.503348 0.004960 0.004216
0 0.434689 0.469866 0.002315 0.003224
0 0.530258 0.406870 0.002976 0.001736
0 0.343254 0.484251 0.004630 0.003224
0 0.320437 0.492312 0.003307 0.002480
0 0.319940 0.505332 0.005622 0.002728
0 0.371858 0.492808 0.005622 0.002480
0 0.306382 0.535218 0.005622 0.004464
0 0.294478 0.546999 0.004299 0.002232
0 0.334821 0.593626 0.003638 0.003224
0 0.331845 0.470362 0.004299 0.003720
0 0.349537 0.453249 0.002646 0.002728
0 0.236442 0.571677 0.003307 0.003472
0 0.420966 0.661582 0.003968 0.002728
0 0.474206 0.717634 0.002646 0.002728
0 0.509755 0.743676 0.004960 0.003224
0 0.449570 0.711682 0.002976 0.002232
0 0.400959 0.685888 0.002315 0.002728
0 0.458003 0.756324 0.002646 0.002728
0 0.422454 0.610987 0.002976 0.002232
0 0.493056 0.526538 0.003307 0.002480
0 0.416667 0.451637 0.002646 0.001984
