0 0.305721 0.664435 0.003638 0.003968
0 0.318618 0.676711 0.006944 0.003720
0 0.285880 0.699777 0.008267 0.003720
0 0.526620 0.618552 0.004299 0.003968
0 0.564649 0.565972 0.004299 0.002976
0 0.622189 0.552455 0.003638 0.002728
0 0.656746 0.634921 0.003307 0.002480
0 0.538856 0.630208 0.002976 0.002480
0 0.582011 0.689608 0.003968 0.003720
0 0.672123 0.648562 0.004299 0.003472
0 0.679563 0.611607 0.002646 0.003968
0 0.387897 0.590278 0.003307 0.003472
0 0.577216 0.732143 0.002315 0.003472
0 0.591270 0.739707 0.002646 0.003224
0 0.595238 0.751612 0.002646 0.003224
0 0.455522 0.716270 0.004960 0.002976
0 0.540013 0.529886 0.002646 0.003224
0 0.537202 0.465526 0.002976 0.002976
0 0.307540 0.563244 0.002646 0.002480
0 0.308862 0.608507 0.003968 0.001736
