0 0.643725 0.583003 0.007192 0.007937
0 0.656746 0.641204 0.005952 0.010582
0 0.719370 0.459491 0.004216 0.006283
0 0.691840 0.391204 0.005704 0.005952
0 0.627108 0.404762 0.004216 0.005291
0 0.736483 0.366237 0.004216 0.007606
0 0.631200 0.344577 0.005456 0.005291
0 0.548983 0.372520 0.004712 0.005622
0 0.534846 0.372354 0.004712 0.006614
0 0.556300 0.559358 0.003968 0.006283
0 0.525670 0.529101 0.004216 0.005291
0 0.584821 0.317626 0.004464 0.004299
0 0.694320 0.375827 0.003720 0.003638
0 0.703249 0.372851 0.002232 0.004299
0 0.640873 0.341270 0.002480 0.003968
0 0.669147 0.369048 0.002976 0.003307
0 0.546503 0.271495 0.003720 0.004630
0 0.501488 0.347388 0.003968 0.004299
0 0.563988 0.671958 0.002976 0.003307
0 0.621900 0.674438 0.003224 0.004960
0 0.520213 0.678737 0.003224 0.004960
0 0.538318 0.677745 0.003224 0.004960
0 0.615823 0.439319 0.003968 0.004299
0 0.606895 0.429233 0.002480 0.003968
0 0.489335 0.323247 0.003968 0.004960
