0 0.268684 0.567956 0.006283 0.003472
0 0.333829 0.561508 0.004299 0.003472
0 0.333829 0.598338 0.003638 0.002728
0 0.422288 0.661830 0.005291 0.002728
0 0.429067 0.611111 0.005622 0.003472
0 0.347388 0.493304 0.003638 0.002976
0 0.334987 0.473586 0.005291 0.003224
0 0.322751 0.486235 0.003968 0.003720
0 0.322917 0.490947 0.005622 0.004216
0 0.433036 0.466518 0.003638 0.002480
0 0.499669 0.500248 0.005291 0.003472
0 0.532903 0.401166 0.002976 0.002728
0 0.676918 0.469122 0.003307 0.003224
0 0.564319 0.561756 0.005622 0.002976
0 0.680390 0.510169 0.003638 0.002976
0 0.597222 0.455109 0.003307 0.002480
0 0.694940 0.470114 0.002976 0.001736
0 0.650959 0.579861 0.003638 0.002976
0 0.685185 0.545511 0.004630 0.003224
0 0.542328 0.617063 0.005291 0.003472
0 0.584160 0.630828 0.006283 0.002232
0 0.626653 0.635789 0.003968 0.002232
0 0.708499 0.629588 0.002976 0.003224
0 0.474537 0.716642 0.003307 0.002232
0 0.514385 0.742560 0.005622 0.003472
0 0.449074 0.716766 0.003307 0.002480
0 0.279927 0.644593 0.004960 0.001984
0 0.357308 0.646329 0.003638 0.002480
0 0.320437 0.507068 0.003307 0.001736
0 0.344246 0.452753 0.003968 0.002232
