0 0.419974 0.661334 0.003968 0.002232
0 0.548280 0.622892 0.004630 0.003224
0 0.587632 0.633185 0.005291 0.002976
0 0.540675 0.560764 0.003968 0.003968
0 0.421792 0.611483 0.004299 0.003224
0 0.335979 0.590650 0.003307 0.002232
0 0.619048 0.636533 0.002646 0.001736
0 0.645503 0.590278 0.002646 0.002480
0 0.680721 0.544395 0.004299 0.002976
0 0.672454 0.509797 0.002976 0.002232
0 0.680721 0.481027 0.002976 0.002232
0 0.696263 0.476935 0.002976 0.002976
0 0.597222 0.457713 0.001984 0.002232
0 0.529101 0.406870 0.003968 0.002728
0 0.341931 0.482143 0.004630 0.002976
0 0.433366 0.470114 0.002976 0.002232
0 0.320602 0.492063 0.004299 0.003472
0 0.372189 0.493552 0.006283 0.001984
0 0.332176 0.465650 0.004299 0.003720
0 0.317791 0.504960 0.004630 0.001984
0 0.298942 0.530506 0.004630 0.004464
0 0.235450 0.567956 0.003968 0.002480
0 0.508929 0.744420 0.004630 0.003720
0 0.267196 0.583457 0.005291 0.002232
0 0.472884 0.717758 0.003968 0.002480
0 0.498181 0.503224 0.005622 0.003472
0 0.505787 0.484375 0.004299 0.002480
0 0.443948 0.456845 0.002976 0.002976
0 0.304729 0.544147 0.002976 0.002480
0 0.272487 0.641493 0.003968 0.003720
0 0.705688 0.641493 0.004630 0.002728
