0 0.524140 0.625372 0.004630 0.002728
0 0.541667 0.637525 0.004630 0.002728
0 0.561839 0.574653 0.004630 0.002480
0 0.604993 0.599702 0.003638 0.002480
0 0.579861 0.641741 0.002976 0.002728
0 0.626323 0.559152 0.003968 0.002232
0 0.659226 0.638145 0.004960 0.001984
0 0.681548 0.621652 0.003307 0.003224
0 0.582672 0.698537 0.004630 0.003720
0 0.671296 0.678695 0.002646 0.002728
0 0.670635 0.656994 0.005952 0.002976
0 0.666667 0.689236 0.002646 0.002976
0 0.579696 0.741195 0.003307 0.002728
0 0.596726 0.748016 0.002976 0.002480
0 0.595899 0.763889 0.003968 0.002976
0 0.457341 0.725074 0.003307 0.003224
0 0.505787 0.757688 0.001653 0.001984
0 0.285053 0.703497 0.009921 0.003224
0 0.309854 0.680432 0.007275 0.003720
0 0.309689 0.674975 0.004299 0.004216
0 0.309193 0.570561 0.003307 0.003224
0 0.415509 0.569320 0.002315 0.003224
0 0.388393 0.598338 0.003638 0.002728
0 0.278935 0.564856 0.006283 0.002728
0 0.250165 0.558160 0.003638 0.002232
0 0.538525 0.471602 0.002976 0.002728
0 0.539848 0.540303 0.004960 0.002232
0 0.244709 0.575149 0.003307 0.002480
