0 0.678571 0.615245 0.004960 0.006283
0 0.650422 0.561839 0.004712 0.007275
0 0.567212 0.531085 0.004960 0.007275
0 0.532862 0.700066 0.006696 0.007275
0 0.701017 0.397487 0.004216 0.004630
0 0.722346 0.432374 0.005208 0.005622
0 0.636037 0.398479 0.006200 0.008598
0 0.731523 0.355655 0.006696 0.006944
0 0.549479 0.366733 0.004216 0.005952
0 0.587922 0.327216 0.005208 0.004299
0 0.502728 0.355159 0.006448 0.005952
0 0.533978 0.367725 0.004960 0.006614
0 0.518105 0.587136 0.002976 0.003638
0 0.557664 0.606151 0.002728 0.003307
0 0.528398 0.531581 0.003720 0.004960
0 0.604663 0.438161 0.003472 0.003968
0 0.615327 0.438161 0.003472 0.003968
0 0.628968 0.353340 0.003968 0.003638
0 0.638269 0.344577 0.003224 0.004630
0 0.662946 0.374339 0.002976 0.003968
0 0.683532 0.386905 0.002976 0.003968
0 0.710193 0.379464 0.003224 0.003638
0 0.706721 0.352513 0.004712 0.005291
0 0.545139 0.268519 0.003968 0.005291
0 0.620412 0.676091 0.003720 0.004299
0 0.568080 0.674107 0.002728 0.002976
0 0.535590 0.686177 0.003720 0.004630
0 0.520213 0.682705 0.003720 0.004299
