0 0.420966 0.661086 0.003307 0.002728
0 0.425099 0.610863 0.003638 0.002976
0 0.587302 0.631448 0.005952 0.001984
0 0.552910 0.561384 0.004630 0.003720
0 0.545139 0.618428 0.002315 0.002728
0 0.623181 0.634797 0.002976 0.003224
0 0.647487 0.584697 0.002646 0.002728
0 0.706845 0.634797 0.002976 0.002728
0 0.682705 0.544519 0.004299 0.002728
0 0.511078 0.742684 0.004299 0.003224
0 0.474702 0.717014 0.003638 0.002976
0 0.450397 0.715154 0.003968 0.001240
0 0.479497 0.739831 0.002646 0.002480
0 0.394511 0.667411 0.002646 0.001488
0 0.236111 0.576761 0.003307 0.002728
0 0.315972 0.543155 0.004960 0.003968
0 0.333829 0.595238 0.003638 0.002480
0 0.267857 0.582465 0.003968 0.001736
0 0.301257 0.589782 0.003968 0.001488
0 0.344742 0.487103 0.004960 0.002976
0 0.329696 0.477059 0.004630 0.004216
0 0.319279 0.490451 0.004299 0.003224
0 0.324405 0.456721 0.004630 0.002728
0 0.347884 0.453125 0.002646 0.002976
0 0.434358 0.467882 0.002976 0.002728
0 0.499008 0.501364 0.005291 0.003224
0 0.320602 0.505332 0.004960 0.002232
0 0.369378 0.491939 0.005952 0.002728
0 0.424603 0.448661 0.002646 0.001984
0 0.675265 0.508061 0.003307 0.002728
0 0.679894 0.475074 0.003307 0.002232
0 0.273644 0.564980 0.002976 0.001984
0 0.334656 0.568576 0.003307 0.002232
0 0.598049 0.455853 0.002976 0.001984
