0 0.552455 0.683532 0.005704 0.007937
0 0.552827 0.708995 0.005456 0.005291
0 0.643973 0.704530 0.004216 0.008267
0 0.656002 0.553241 0.004464 0.006614
0 0.696553 0.594577 0.003720 0.004630
0 0.706101 0.407077 0.004960 0.006614
0 0.721974 0.412864 0.005456 0.005622
0 0.704985 0.348380 0.004712 0.005622
0 0.722222 0.340774 0.003472 0.004299
0 0.733631 0.356151 0.006448 0.007275
0 0.701885 0.385913 0.003968 0.004630
0 0.642733 0.394015 0.004216 0.004299
0 0.543403 0.366237 0.006448 0.008929
0 0.534102 0.372024 0.005704 0.009921
0 0.613343 0.442130 0.002976 0.004630
0 0.577629 0.507110 0.002976 0.004960
0 0.616567 0.682044 0.002976 0.003638
0 0.569196 0.679233 0.002976 0.003968
0 0.587674 0.340278 0.003224 0.003968
0 0.622396 0.364749 0.003224 0.003968
0 0.633433 0.350364 0.002976 0.003638
0 0.669891 0.395503 0.003968 0.005291
0 0.544519 0.268684 0.006200 0.006283
