0 0.316634 0.629588 0.007606 0.004712
0 0.319444 0.621280 0.004630 0.002480
0 0.360615 0.624380 0.006283 0.004712
0 0.319940 0.517113 0.005622 0.005456
0 0.386409 0.540179 0.009590 0.003968
0 0.419643 0.523438 0.005291 0.003720
0 0.397817 0.564484 0.005291 0.003968
0 0.312996 0.536458 0.007606 0.003968
0 0.612765 0.536458 0.005952 0.003472
0 0.617394 0.541543 0.003968 0.003224
0 0.553571 0.611111 0.005952 0.005456
0 0.578208 0.612599 0.005622 0.003968
0 0.660549 0.489831 0.005622 0.003472
0 0.489087 0.705109 0.005952 0.004464
0 0.607143 0.675843 0.005291 0.004464
0 0.711310 0.656746 0.009921 0.005456
0 0.717427 0.629836 0.007606 0.004712
0 0.690146 0.578001 0.004630 0.003720
0 0.610450 0.742808 0.007275 0.004960
0 0.660549 0.631076 0.004299 0.003720
0 0.626819 0.698413 0.004299 0.005456
