0 0.421627 0.660838 0.003968 0.002728
0 0.426918 0.610119 0.004630 0.002976
0 0.585813 0.630456 0.004960 0.002976
0 0.542493 0.616691 0.002976 0.001240
0 0.624339 0.635169 0.003307 0.001984
0 0.558697 0.561384 0.004960 0.002728
0 0.648644 0.581597 0.002976 0.002480
0 0.708168 0.630952 0.003638 0.002976
0 0.683862 0.544271 0.005291 0.003720
0 0.677083 0.507564 0.003638 0.002232
0 0.678406 0.470982 0.003638 0.002480
0 0.695437 0.470734 0.004630 0.002480
0 0.597718 0.454117 0.002976 0.001984
0 0.531581 0.402158 0.002976 0.003224
0 0.433366 0.466394 0.002976 0.002232
0 0.499173 0.499752 0.004299 0.002976
0 0.485450 0.466146 0.002646 0.001736
0 0.345403 0.489459 0.004299 0.002728
0 0.325728 0.483011 0.004630 0.003720
0 0.331349 0.465030 0.005952 0.003968
0 0.319610 0.487971 0.004299 0.003224
0 0.364087 0.490823 0.007937 0.002976
0 0.319279 0.505456 0.003638 0.001984
0 0.334491 0.535218 0.002315 0.002480
0 0.309689 0.540675 0.003638 0.001984
0 0.289848 0.536334 0.002976 0.002232
0 0.345403 0.452133 0.002315 0.001984
0 0.235284 0.581845 0.004299 0.003472
0 0.324570 0.551835 0.005622 0.003968
0 0.276786 0.544767 0.005291 0.002232
0 0.333499 0.596974 0.003638 0.001984
0 0.278604 0.643477 0.004960 0.002232
0 0.318783 0.569196 0.003307 0.001984
0 0.287202 0.584325 0.002976 0.002480
0 0.303241 0.577009 0.004630 0.001736
0 0.454696 0.751240 0.003968 0.002976
0 0.513393 0.741939 0.004960 0.002728
0 0.474868 0.715402 0.003968 0.002232
0 0.446098 0.715650 0.001984 0.002728
0 0.447751 0.719370 0.003968 0.002232
0 0.418320 0.670883 0.003307 0.001984
0 0.431713 0.671255 0.003638 0.001736
0 0.496693 0.723090 0.003307 0.001736
0 0.433201 0.639013 0.002646 0.002232
