0 0.648562 0.653108 0.005952 0.005952
0 0.717262 0.472388 0.005456 0.006944
0 0.639757 0.597388 0.004216 0.006283
0 0.523934 0.532242 0.003720 0.004960
0 0.550595 0.572917 0.003472 0.004960
0 0.623264 0.410549 0.004464 0.006283
0 0.615575 0.441138 0.003968 0.005291
0 0.687128 0.391700 0.004712 0.003638
0 0.696677 0.373347 0.003472 0.004630
0 0.705109 0.364749 0.003968 0.005291
0 0.698537 0.372024 0.003224 0.003968
0 0.631696 0.344411 0.004464 0.004960
0 0.640625 0.341766 0.003472 0.002976
0 0.547247 0.375827 0.003224 0.003638
0 0.535590 0.376819 0.003224 0.005622
0 0.736855 0.371528 0.002976 0.004299
0 0.547495 0.272156 0.004216 0.005952
