0 0.304894 0.617436 0.005952 0.005208
0 0.316799 0.621280 0.004630 0.004960
0 0.344577 0.616319 0.005952 0.005952
0 0.370536 0.535962 0.006944 0.002976
0 0.318618 0.516865 0.008267 0.002976
0 0.608300 0.537078 0.004299 0.003720
0 0.616733 0.538566 0.004630 0.003720
0 0.550265 0.609499 0.005952 0.004216
0 0.573247 0.607763 0.006283 0.004712
0 0.472388 0.698413 0.007606 0.002976
0 0.605489 0.671751 0.005952 0.004712
0 0.661045 0.630332 0.003307 0.002728
0 0.640212 0.637153 0.002646 0.002976
0 0.659061 0.640501 0.003968 0.002728
0 0.709160 0.627728 0.006283 0.002976
0 0.700397 0.650670 0.007275 0.006200
0 0.533069 0.450025 0.003307 0.002232
0 0.549603 0.487227 0.002646 0.002728
0 0.633267 0.445437 0.003968 0.003472
0 0.658730 0.491691 0.005291 0.003720
0 0.417493 0.522693 0.004960 0.003224
0 0.396825 0.564608 0.003968 0.002728
0 0.325231 0.552579 0.003638 0.002976
0 0.440642 0.663690 0.004299 0.002976
0 0.243882 0.585193 0.003638 0.003720
0 0.308697 0.534598 0.003638 0.002232
0 0.312169 0.535962 0.005291 0.002976
0 0.602183 0.744916 0.004630 0.003224
0 0.623512 0.700149 0.003638 0.003472
0 0.623181 0.706101 0.004299 0.002480
0 0.611442 0.561508 0.005291 0.001984
0 0.690146 0.577381 0.002646 0.002976
