0 0.310185 0.555184 0.002646 0.002232
0 0.287533 0.546999 0.004960 0.002232
0 0.276455 0.542039 0.003307 0.002232
0 0.259094 0.536086 0.004299 0.002232
0 0.295635 0.527778 0.003307 0.001984
0 0.389385 0.579489 0.002976 0.002728
0 0.301587 0.503224 0.003968 0.001984
0 0.301918 0.647197 0.003307 0.003224
0 0.278604 0.556052 0.003638 0.001488
0 0.331019 0.554688 0.003307 0.002232
0 0.408399 0.545263 0.003307 0.002232
0 0.262897 0.590030 0.003307 0.002480
0 0.438988 0.531994 0.004960 0.002976
0 0.350364 0.673487 0.004960 0.003720
0 0.297123 0.624380 0.002976 0.001736
0 0.278604 0.714534 0.003638 0.002480
0 0.288029 0.695188 0.009259 0.003472
0 0.351521 0.634301 0.002646 0.002232
0 0.451224 0.699777 0.002976 0.002728
0 0.304894 0.658606 0.003307 0.002232
0 0.314484 0.601811 0.004630 0.002728
0 0.533234 0.607143 0.002976 0.002976
0 0.533730 0.619048 0.003307 0.002976
0 0.572255 0.621404 0.002315 0.002728
0 0.582672 0.675471 0.004630 0.003224
0 0.577712 0.719990 0.002646 0.003472
0 0.599372 0.732639 0.002976 0.002976
0 0.637401 0.656498 0.002976 0.001984
0 0.655093 0.629960 0.003968 0.002976
0 0.679067 0.633929 0.004960 0.002976
0 0.660384 0.650918 0.001984 0.002728
0 0.655589 0.661954 0.004960 0.001984
0 0.678571 0.596230 0.003307 0.002976
0 0.571429 0.553323 0.003307 0.002480
0 0.615410 0.542783 0.003968 0.002728
0 0.540179 0.514013 0.003638 0.001736
0 0.533565 0.460069 0.002976 0.001984
0 0.613922 0.456597 0.003638 0.002480
0 0.515708 0.418527 0.001653 0.003224
0 0.604167 0.577753 0.002646 0.002232
0 0.413690 0.724950 0.003307 0.001984
