0 0.358962 0.508185 0.003638 0.001488
0 0.316138 0.520213 0.005291 0.002728
0 0.334325 0.534102 0.003968 0.001736
0 0.313657 0.604911 0.005622 0.002976
0 0.331184 0.592138 0.004299 0.002728
0 0.266369 0.544023 0.002976 0.002728
0 0.296296 0.542163 0.003307 0.002480
0 0.321925 0.552207 0.002315 0.002232
0 0.416997 0.531622 0.003307 0.003224
0 0.383763 0.538070 0.002976 0.001736
0 0.317791 0.488095 0.003968 0.001984
0 0.284722 0.572173 0.004630 0.001488
0 0.277282 0.593626 0.006944 0.004216
0 0.312169 0.627604 0.003307 0.003224
0 0.361607 0.621528 0.002315 0.002480
0 0.302745 0.648562 0.003638 0.002480
0 0.437665 0.675719 0.003638 0.004216
0 0.357143 0.713914 0.002646 0.001736
0 0.359954 0.713666 0.002976 0.002728
0 0.600033 0.669271 0.004960 0.004216
0 0.585152 0.753844 0.003638 0.003224
0 0.498843 0.712922 0.004299 0.002232
0 0.616898 0.709077 0.002315 0.001488
0 0.621693 0.709325 0.003307 0.001984
0 0.545139 0.611731 0.004299 0.002728
0 0.561177 0.606027 0.004630 0.003224
0 0.574239 0.611111 0.004299 0.002480
0 0.661376 0.635169 0.003307 0.002976
0 0.609954 0.565972 0.005622 0.002480
0 0.657407 0.645957 0.002646 0.002232
0 0.682209 0.640873 0.003968 0.003968
0 0.686177 0.582093 0.002646 0.002976
0 0.598710 0.541543 0.002976 0.002728
0 0.615575 0.538566 0.002976 0.003224
0 0.703704 0.627232 0.005291 0.003472
0 0.548115 0.495288 0.002976 0.001984
0 0.603340 0.520709 0.003638 0.001736
0 0.524802 0.408234 0.003307 0.001984
0 0.545304 0.414311 0.001984 0.002728
0 0.560681 0.416791 0.003638 0.001736
0 0.574901 0.419519 0.002315 0.002728
0 0.534226 0.454613 0.003638 0.002976
