0 0.548115 0.689319 0.003968 0.004960
0 0.549727 0.712798 0.006200 0.007606
0 0.653522 0.555556 0.005456 0.008598
0 0.690972 0.601852 0.008929 0.008598
0 0.722594 0.418651 0.006696 0.007275
0 0.704489 0.405589 0.006696 0.006944
0 0.705481 0.350364 0.004712 0.006283
0 0.732763 0.354167 0.005704 0.006614
0 0.724702 0.341601 0.004464 0.004630
0 0.703001 0.387731 0.004712 0.006283
0 0.640749 0.395999 0.003720 0.004299
0 0.534474 0.370536 0.006448 0.006944
0 0.546131 0.367725 0.005456 0.005291
0 0.624752 0.362269 0.003968 0.006283
0 0.588046 0.337798 0.005456 0.006283
0 0.635293 0.349372 0.004712 0.005622
0 0.574901 0.514716 0.003968 0.004960
0 0.614335 0.442130 0.004464 0.005952
0 0.601687 0.448743 0.005456 0.005291
0 0.659350 0.379134 0.003224 0.004299
0 0.673611 0.394511 0.003472 0.003968
0 0.643229 0.718089 0.005208 0.006944
0 0.617560 0.681052 0.002976 0.003638
0 0.544643 0.269345 0.004464 0.006283
