0 0.662202 0.633102 0.006944 0.008267
0 0.645957 0.573909 0.006200 0.006944
0 0.585938 0.317626 0.008185 0.008267
0 0.629960 0.401786 0.004960 0.005291
0 0.721602 0.452216 0.008681 0.008267
0 0.535342 0.369544 0.004216 0.005622
0 0.559648 0.550761 0.004216 0.005622
0 0.527778 0.527282 0.003968 0.005622
0 0.695312 0.391204 0.003720 0.005952
0 0.549479 0.370536 0.004712 0.005622
0 0.616939 0.437996 0.004216 0.004960
0 0.607391 0.430886 0.002976 0.004630
0 0.632440 0.346561 0.003472 0.003968
0 0.636781 0.349041 0.003224 0.004299
0 0.641493 0.340774 0.003720 0.004960
0 0.668527 0.367890 0.003720 0.002976
0 0.693204 0.377646 0.002976 0.003307
0 0.706845 0.372189 0.003472 0.002976
0 0.707093 0.358631 0.003968 0.005622
0 0.490575 0.319775 0.002480 0.004630
0 0.504712 0.348710 0.004464 0.003638
0 0.534722 0.339782 0.002976 0.004299
0 0.565848 0.670470 0.002232 0.003638
0 0.621652 0.672619 0.003224 0.003307
0 0.521205 0.678406 0.004216 0.005622
0 0.534598 0.692956 0.002728 0.004299
0 0.538814 0.675265 0.003720 0.006614
0 0.528398 0.723710 0.003720 0.004299
0 0.516121 0.716601 0.003472 0.005291
0 0.519717 0.581515 0.003224 0.003638
0 0.561880 0.601356 0.003224 0.004299
0 0.546875 0.269180 0.004960 0.005291
0 0.735739 0.361772 0.003720 0.004630
