0 0.417824 0.660590 0.003638 0.003224
0 0.505787 0.747024 0.004299 0.003472
0 0.470734 0.718626 0.003638 0.002728
0 0.547454 0.622892 0.004960 0.003720
0 0.418320 0.610615 0.004630 0.003968
0 0.523148 0.557788 0.003307 0.003968
0 0.587963 0.633805 0.005291 0.002232
0 0.612930 0.642361 0.003638 0.002480
0 0.643849 0.594246 0.003307 0.002480
0 0.699735 0.647941 0.003968 0.003224
0 0.679067 0.544395 0.004299 0.002976
0 0.662037 0.514757 0.003307 0.002728
0 0.594246 0.459201 0.002646 0.002232
0 0.681052 0.486111 0.005622 0.001984
0 0.695767 0.480159 0.003307 0.001984
0 0.377646 0.493552 0.003968 0.002480
0 0.338294 0.475322 0.004630 0.003224
0 0.433697 0.470982 0.003638 0.002480
0 0.437500 0.472470 0.003968 0.003968
0 0.495866 0.504836 0.003638 0.003224
0 0.232970 0.555680 0.003638 0.002728
0 0.337963 0.582961 0.003307 0.003224
0 0.314980 0.504340 0.004960 0.002728
0 0.320767 0.489831 0.004630 0.002976
0 0.334325 0.453125 0.005291 0.003968
0 0.335483 0.639757 0.004960 0.001736
0 0.398644 0.684400 0.002976 0.001736
0 0.500165 0.484747 0.003638 0.001736
0 0.460813 0.461186 0.003638 0.001736
0 0.368552 0.553447 0.002315 0.002232
0 0.324405 0.560268 0.003307 0.002480
