0 0.560268 0.704696 0.004464 0.005952
0 0.560516 0.675265 0.003968 0.005291
0 0.659474 0.551753 0.006448 0.010913
0 0.703621 0.588790 0.006944 0.010251
0 0.709325 0.412368 0.004960 0.007275
0 0.722966 0.405589 0.004960 0.005622
0 0.645585 0.394015 0.004960 0.005622
0 0.540551 0.365245 0.005208 0.006944
0 0.537202 0.375331 0.005456 0.006614
0 0.704737 0.348049 0.008681 0.009590
0 0.718750 0.342593 0.004464 0.009259
0 0.588666 0.346396 0.005208 0.004960
0 0.614583 0.444444 0.006448 0.006614
0 0.620412 0.369048 0.003720 0.005291
0 0.632316 0.353671 0.003224 0.003638
0 0.598586 0.456019 0.002728 0.003307
0 0.571429 0.682540 0.003472 0.004630
0 0.616691 0.684524 0.003224 0.003968
0 0.548859 0.614749 0.002976 0.004630
0 0.493056 0.365575 0.002976 0.004299
0 0.544147 0.269841 0.003968 0.005291
