0 0.595899 0.542535 0.004630 0.002728
0 0.616237 0.538938 0.002976 0.002976
0 0.418651 0.534970 0.003307 0.004464
0 0.395172 0.571305 0.003968 0.002728
0 0.321098 0.551959 0.003307 0.003224
0 0.324405 0.533854 0.005952 0.004216
0 0.313988 0.520957 0.006283 0.003224
0 0.302579 0.538566 0.004630 0.002232
0 0.329530 0.592634 0.004960 0.002728
0 0.303406 0.601935 0.004299 0.002976
0 0.456019 0.523438 0.005952 0.003224
0 0.544312 0.612723 0.004630 0.002232
0 0.557540 0.605407 0.003968 0.003472
0 0.610450 0.566964 0.004630 0.002480
0 0.597388 0.668651 0.004960 0.003968
0 0.685681 0.582961 0.002976 0.002232
0 0.661376 0.636037 0.003307 0.002728
0 0.657903 0.647197 0.003638 0.002728
0 0.676587 0.637401 0.005291 0.002976
0 0.702877 0.626612 0.005622 0.003720
0 0.604828 0.710938 0.005952 0.002232
0 0.580357 0.756076 0.004630 0.002232
0 0.614914 0.711558 0.003638 0.002480
0 0.471396 0.744420 0.004960 0.001736
0 0.288525 0.706349 0.010913 0.004464
0 0.440807 0.679191 0.003968 0.003224
0 0.310681 0.629092 0.004299 0.003720
0 0.481647 0.692708 0.002976 0.002976
0 0.369048 0.612723 0.004630 0.002232
0 0.265873 0.545263 0.003307 0.002728
0 0.351356 0.506944 0.004299 0.001488
0 0.546958 0.497520 0.003968 0.002480
0 0.533730 0.454737 0.002646 0.002232
0 0.625496 0.447545 0.003638 0.003224
0 0.519841 0.408730 0.003307 0.002480
0 0.543651 0.415179 0.001984 0.002976
