0 0.409888 0.540923 0.004299 0.002480
0 0.390046 0.576761 0.004960 0.002232
0 0.440972 0.528522 0.004960 0.002480
0 0.614914 0.539807 0.003638 0.003224
0 0.574239 0.549727 0.002976 0.002728
0 0.536872 0.605779 0.004299 0.004216
0 0.533234 0.616691 0.004299 0.002728
0 0.604497 0.574405 0.003968 0.002976
0 0.646329 0.512153 0.004960 0.002480
0 0.532407 0.457837 0.003307 0.002480
0 0.541005 0.509177 0.002646 0.002976
0 0.656415 0.630084 0.003968 0.003224
0 0.683697 0.630456 0.004960 0.003968
0 0.660384 0.646205 0.003968 0.002728
0 0.584325 0.672619 0.004630 0.003472
0 0.678737 0.591766 0.002976 0.002976
0 0.288690 0.695561 0.010582 0.003224
0 0.362269 0.674107 0.006944 0.002976
0 0.580853 0.717510 0.002315 0.002480
0 0.610946 0.691344 0.002315 0.003224
0 0.655093 0.657366 0.002646 0.002728
0 0.705522 0.568204 0.002976 0.002976
0 0.500331 0.411830 0.001984 0.002232
0 0.249339 0.585193 0.005291 0.004216
0 0.268684 0.533234 0.006283 0.001984
0 0.290344 0.543155 0.005291 0.002480
0 0.311508 0.552951 0.002646 0.002728
0 0.316799 0.598586 0.004630 0.003720
0 0.253472 0.553447 0.002976 0.003720
0 0.297123 0.525050 0.003638 0.002480
0 0.301422 0.641617 0.004299 0.002976
0 0.283399 0.717138 0.003307 0.004216
0 0.450066 0.695312 0.004630 0.003224
0 0.273313 0.662946 0.004960 0.001984
0 0.370040 0.738095 0.002646 0.002480
0 0.315311 0.588666 0.003638 0.001736
0 0.420304 0.736111 0.003307 0.002976
0 0.502149 0.742063 0.004960 0.002480
0 0.600529 0.727059 0.003307 0.002232
