0 0.652530 0.559524 0.005952 0.008598
0 0.685888 0.609458 0.006696 0.007937
0 0.703373 0.401786 0.005456 0.005291
0 0.723338 0.426257 0.005704 0.009259
0 0.732019 0.354167 0.004712 0.006614
0 0.707589 0.351356 0.005952 0.005622
0 0.533978 0.370040 0.005456 0.006614
0 0.548735 0.367229 0.004216 0.005622
0 0.639137 0.398479 0.006448 0.009259
0 0.679812 0.392692 0.007937 0.007606
0 0.627356 0.358962 0.002728 0.004960
0 0.541791 0.695602 0.006696 0.008267
0 0.545263 0.717097 0.005208 0.008267
0 0.589038 0.333995 0.004464 0.005291
0 0.707093 0.386409 0.004464 0.004960
0 0.615327 0.440146 0.003968 0.005291
0 0.603919 0.442626 0.003968 0.004299
0 0.571553 0.522983 0.004216 0.004960
0 0.619544 0.678737 0.003472 0.004299
0 0.569320 0.676753 0.002728 0.003638
0 0.590278 0.679233 0.003472 0.003307
0 0.555680 0.609458 0.003720 0.003968
0 0.517113 0.590774 0.002976 0.004299
0 0.499380 0.359954 0.003720 0.005622
0 0.453745 0.385913 0.003720 0.004630
0 0.545387 0.269180 0.004464 0.005291
