0 0.312996 0.624132 0.003638 0.002728
0 0.326885 0.609995 0.005622 0.003720
0 0.291501 0.604787 0.006283 0.003720
0 0.329530 0.592510 0.003638 0.002976
0 0.332837 0.585317 0.002976 0.002480
0 0.350860 0.534722 0.006614 0.002976
0 0.316468 0.517857 0.006614 0.002480
0 0.305721 0.535962 0.005622 0.002976
0 0.414683 0.526166 0.003968 0.003720
0 0.460317 0.519841 0.005952 0.002976
0 0.546296 0.609871 0.004630 0.003968
0 0.565807 0.606523 0.003968 0.002728
0 0.601356 0.669519 0.004299 0.004216
0 0.452712 0.693204 0.005952 0.003472
0 0.437335 0.668279 0.003638 0.004712
0 0.486938 0.682168 0.002976 0.003720
0 0.617229 0.704117 0.002976 0.002480
0 0.688823 0.644965 0.003968 0.003720
0 0.602513 0.538690 0.003307 0.001984
0 0.615079 0.537574 0.003968 0.003224
0 0.686839 0.578497 0.003307 0.002232
0 0.702546 0.627356 0.004960 0.003224
0 0.660218 0.631572 0.003638 0.002728
0 0.612434 0.521081 0.004630 0.002976
0 0.657242 0.642733 0.002976 0.002728
0 0.548446 0.490451 0.002315 0.002232
0 0.532242 0.452133 0.003638 0.002976
0 0.562831 0.415303 0.005291 0.001240
0 0.530258 0.406622 0.005622 0.002728
0 0.546296 0.413690 0.001984 0.002976
0 0.579696 0.416295 0.003968 0.002728
0 0.322586 0.552207 0.002976 0.002728
0 0.395337 0.567088 0.004299 0.002232
0 0.309193 0.492188 0.003307 0.001736
0 0.319610 0.488467 0.004299 0.001736
0 0.291005 0.574901 0.004630 0.001984
0 0.361276 0.618676 0.002976 0.002728
0 0.367229 0.610367 0.003638 0.002480
0 0.592923 0.748884 0.003968 0.002728
0 0.528935 0.724578 0.002976 0.002728
