0 0.321429 0.634673 0.008598 0.005952
0 0.326885 0.558036 0.003638 0.002976
0 0.396164 0.543279 0.005952 0.003224
0 0.581184 0.615203 0.004960 0.003720
0 0.554398 0.613095 0.004960 0.004464
0 0.615245 0.536954 0.004299 0.002976
0 0.616898 0.543775 0.004960 0.003224
0 0.662698 0.489459 0.005952 0.003720
0 0.722388 0.631324 0.009590 0.004712
0 0.688657 0.579861 0.003638 0.002976
0 0.659226 0.631572 0.003638 0.003224
0 0.607308 0.679191 0.004960 0.004216
0 0.658399 0.640873 0.004630 0.002480
0 0.715774 0.662078 0.004960 0.005704
0 0.531746 0.450645 0.006614 0.002976
0 0.466766 0.404886 0.005622 0.002728
0 0.319444 0.519841 0.009921 0.003472
0 0.292824 0.533854 0.008267 0.002728
0 0.319610 0.621900 0.004960 0.003720
0 0.370370 0.629712 0.007275 0.005952
0 0.313161 0.537822 0.006614 0.003224
0 0.627315 0.698661 0.005952 0.004960
0 0.498512 0.710565 0.006283 0.004960
0 0.614583 0.742063 0.005622 0.003472
0 0.397487 0.565228 0.004630 0.002976
