0 0.408399 0.551339 0.003307 0.003472
0 0.387897 0.583333 0.004630 0.003472
0 0.434854 0.535218 0.005291 0.003472
0 0.528439 0.609995 0.004630 0.003224
0 0.534557 0.622520 0.006283 0.003472
0 0.292989 0.530134 0.004630 0.001736
0 0.307870 0.556796 0.002646 0.002976
0 0.269676 0.545015 0.003638 0.002728
0 0.312665 0.606151 0.003638 0.002976
0 0.302414 0.652778 0.004960 0.003968
0 0.333003 0.671999 0.005291 0.004216
0 0.285714 0.694072 0.008598 0.002728
0 0.580192 0.679563 0.005622 0.003968
0 0.573247 0.624504 0.004299 0.002976
0 0.653770 0.630084 0.003968 0.003720
0 0.574405 0.722222 0.001984 0.002976
0 0.610615 0.700025 0.002976 0.002232
0 0.658069 0.667659 0.003307 0.003472
0 0.661872 0.656126 0.002315 0.002232
0 0.672950 0.638145 0.003968 0.003472
0 0.602017 0.581721 0.004960 0.002232
0 0.677414 0.600694 0.002976 0.002976
0 0.617394 0.544395 0.003307 0.002976
0 0.566634 0.556796 0.002976 0.002480
0 0.643353 0.519593 0.003638 0.003968
0 0.539352 0.519221 0.003307 0.002728
0 0.534557 0.460689 0.003638 0.002728
0 0.494709 0.418155 0.003307 0.002480
0 0.242725 0.538318 0.006614 0.002728
0 0.283730 0.549851 0.006614 0.002480
0 0.230985 0.580977 0.004299 0.004216
0 0.451554 0.704985 0.004299 0.001736
0 0.464451 0.725322 0.004299 0.004712
0 0.596065 0.738839 0.002976 0.003472
0 0.586475 0.727555 0.003638 0.002728
