0 0.340112 0.478795 0.005622 0.003224
0 0.375992 0.493552 0.005291 0.002976
0 0.333664 0.459077 0.004630 0.002976
0 0.287037 0.522693 0.004630 0.003720
0 0.317295 0.504712 0.005622 0.002976
0 0.321594 0.490575 0.002976 0.002976
0 0.419147 0.661086 0.003638 0.002728
0 0.420966 0.611359 0.004630 0.003472
0 0.337798 0.587054 0.003638 0.002976
0 0.549107 0.623016 0.004299 0.002480
0 0.532903 0.559524 0.004960 0.003968
0 0.588294 0.633185 0.004630 0.002480
0 0.616733 0.638889 0.003307 0.002480
0 0.645337 0.592510 0.002976 0.002480
0 0.680556 0.544643 0.004630 0.003472
0 0.669312 0.511781 0.004630 0.002232
0 0.702712 0.644841 0.003307 0.003472
0 0.596230 0.459449 0.003307 0.002232
0 0.681052 0.484251 0.004299 0.002728
0 0.696263 0.479291 0.003638 0.002728
0 0.434193 0.470362 0.002646 0.002728
0 0.530423 0.405506 0.003968 0.001984
0 0.235284 0.562004 0.004299 0.002480
0 0.234623 0.544891 0.004960 0.003472
0 0.300926 0.584697 0.003307 0.002232
0 0.291501 0.546999 0.003638 0.002728
0 0.496362 0.502852 0.004630 0.002728
0 0.482143 0.466890 0.002646 0.002728
0 0.508598 0.746156 0.004630 0.003720
0 0.472553 0.718378 0.003307 0.003224
0 0.343089 0.640873 0.004960 0.001984
