0 0.648065 0.567626 0.005952 0.006944
0 0.671255 0.623512 0.004712 0.007606
0 0.525546 0.707507 0.007440 0.006944
0 0.520461 0.681548 0.004712 0.005952
0 0.721726 0.442626 0.006944 0.008267
0 0.698661 0.393519 0.007440 0.006614
0 0.633061 0.399306 0.004216 0.003638
0 0.534722 0.368552 0.005952 0.005622
0 0.550595 0.368552 0.005952 0.007606
0 0.504588 0.353009 0.004712 0.005622
0 0.630828 0.349868 0.005208 0.005952
0 0.528646 0.529431 0.003720 0.005952
0 0.563740 0.541005 0.003472 0.004630
0 0.615575 0.437996 0.003968 0.004299
0 0.605903 0.434854 0.004464 0.005291
0 0.706349 0.355985 0.003968 0.004960
0 0.709449 0.375496 0.003720 0.006283
0 0.687872 0.383102 0.003224 0.006283
0 0.733259 0.358796 0.003720 0.005291
0 0.490327 0.318122 0.003968 0.005291
0 0.546379 0.269180 0.004960 0.006614
0 0.519221 0.584325 0.003224 0.003968
0 0.559648 0.603836 0.003720 0.003307
0 0.587054 0.537533 0.003472 0.004299
0 0.661582 0.500661 0.003224 0.004630
0 0.587550 0.323247 0.003472 0.004960
0 0.620908 0.674769 0.003720 0.004299
0 0.566716 0.672784 0.002976 0.004960
0 0.538566 0.675099 0.003224 0.004960
