0 0.691799 0.627852 0.004630 0.003224
0 0.383267 0.678819 0.005291 0.002480
0 0.291005 0.698165 0.007275 0.003472
0 0.588790 0.671627 0.006944 0.003968
0 0.543981 0.605779 0.003968 0.003224
0 0.537864 0.615203 0.005622 0.002728
0 0.662698 0.632440 0.003968 0.002976
0 0.573082 0.616567 0.002646 0.001984
0 0.661045 0.642981 0.003307 0.002232
0 0.638062 0.648562 0.002315 0.001984
0 0.656415 0.654018 0.002646 0.001984
0 0.614583 0.686632 0.002976 0.002728
0 0.681878 0.589534 0.002646 0.003472
0 0.589947 0.717634 0.004630 0.002728
0 0.560185 0.766617 0.003968 0.002976
0 0.606481 0.722966 0.003307 0.003472
0 0.393353 0.575645 0.003638 0.002480
0 0.447255 0.526786 0.006283 0.002976
0 0.414848 0.538690 0.002976 0.002976
0 0.582672 0.547743 0.004630 0.002728
0 0.615410 0.539435 0.003968 0.003472
0 0.543981 0.505456 0.003968 0.001984
0 0.650298 0.509797 0.003638 0.003224
0 0.709325 0.565104 0.003968 0.002728
0 0.534061 0.457093 0.003307 0.002480
0 0.537202 0.417163 0.002976 0.003472
0 0.323247 0.596850 0.009590 0.004712
0 0.303406 0.637029 0.004299 0.002728
0 0.314815 0.552951 0.003307 0.002232
0 0.265873 0.591890 0.005952 0.004712
0 0.295800 0.542783 0.006283 0.003720
