0 0.331184 0.577257 0.004960 0.004216
0 0.381944 0.543775 0.005291 0.004216
0 0.424107 0.540923 0.008267 0.003968
0 0.362599 0.501240 0.004960 0.005456
0 0.379299 0.588046 0.007275 0.003968
0 0.403274 0.625248 0.006283 0.004464
0 0.347718 0.641865 0.007606 0.005456
0 0.279927 0.626860 0.004960 0.004216
0 0.467097 0.540923 0.006283 0.003968
0 0.485284 0.475570 0.005622 0.003720
0 0.426257 0.456473 0.005952 0.003720
0 0.383763 0.503348 0.004299 0.004216
0 0.387731 0.503720 0.006944 0.004464
0 0.428241 0.533854 0.004630 0.003720
0 0.462467 0.527778 0.004960 0.004464
0 0.439484 0.570933 0.005291 0.004960
0 0.539352 0.556796 0.006614 0.006448
0 0.518849 0.511037 0.004630 0.003720
0 0.573909 0.538566 0.009590 0.004712
0 0.641369 0.494172 0.007606 0.005208
0 0.599702 0.529762 0.007606 0.004464
0 0.500661 0.482639 0.006614 0.004464
0 0.561012 0.448289 0.006283 0.005208
0 0.504630 0.435640 0.008598 0.003720
0 0.560847 0.466146 0.007275 0.004712
0 0.575562 0.582589 0.009590 0.004464
0 0.494874 0.579489 0.004960 0.005704
0 0.470403 0.558284 0.006283 0.005456
0 0.622851 0.559772 0.009590 0.004960
0 0.693452 0.586558 0.006614 0.004960
0 0.603671 0.627356 0.007606 0.005704
0 0.374504 0.665179 0.005622 0.003968
0 0.418155 0.634797 0.004960 0.005704
0 0.329200 0.602555 0.010251 0.003720
0 0.433532 0.715030 0.008598 0.004960
0 0.489749 0.684152 0.005291 0.004712
0 0.414683 0.734251 0.005291 0.003720
0 0.379299 0.703001 0.007937 0.004712
0 0.352183 0.755828 0.009921 0.007688
0 0.518188 0.730283 0.005952 0.005704
0 0.498677 0.763517 0.007937 0.007192
0 0.394676 0.671007 0.006283 0.004712
0 0.412533 0.655754 0.006944 0.003968
0 0.538194 0.741071 0.006283 0.005456
0 0.594081 0.659722 0.004960 0.005456
0 0.689815 0.664311 0.005952 0.005208
0 0.695933 0.712674 0.006944 0.005704
0 0.725198 0.662202 0.010582 0.005952
0 0.560681 0.631448 0.005622 0.004464
0 0.580688 0.591642 0.005952 0.003720
0 0.481978 0.497768 0.004960 0.003968
0 0.478009 0.504216 0.005622 0.003968
0 0.287864 0.689980 0.008267 0.003968
0 0.362599 0.694444 0.006283 0.003968
0 0.424438 0.789931 0.007606 0.003968
0 0.504960 0.779390 0.005952 0.005208
0 0.467262 0.786954 0.005952 0.004464
0 0.538194 0.777778 0.006283 0.004464
0 0.573247 0.803571 0.006283 0.007440
0 0.514881 0.817336 0.006614 0.004712
0 0.540675 0.805308 0.008598 0.004464
0 0.465443 0.685268 0.004960 0.004960
0 0.600364 0.688988 0.006283 0.003968
0 0.608300 0.700521 0.005622 0.004216
0 0.718750 0.705977 0.010251 0.004712
0 0.513558 0.591518 0.006614 0.003968
0 0.537368 0.603299 0.005291 0.004712
0 0.562665 0.554067 0.004960 0.003968
0 0.431382 0.754092 0.006283 0.003720
0 0.396329 0.598958 0.004960 0.004960
0 0.305390 0.663566 0.006283 0.004216
