0 0.574901 0.678406 0.004960 0.008267
0 0.576885 0.683036 0.004960 0.004299
0 0.573785 0.642196 0.004712 0.006614
0 0.645957 0.632606 0.005208 0.007275
0 0.510789 0.648810 0.006200 0.006614
0 0.520089 0.631614 0.004960 0.005291
0 0.468130 0.528439 0.005208 0.005952
0 0.479911 0.548115 0.004464 0.010913
0 0.525050 0.562335 0.005456 0.007606
0 0.529266 0.423942 0.007440 0.006614
0 0.538690 0.419808 0.004960 0.010251
0 0.461558 0.482804 0.004464 0.004630
0 0.456101 0.445106 0.002480 0.004630
0 0.452629 0.459160 0.002976 0.002976
0 0.458953 0.466931 0.002728 0.002646
0 0.475570 0.380787 0.004712 0.004299
0 0.612227 0.409557 0.006696 0.006283
0 0.604911 0.351687 0.003968 0.006283
0 0.614707 0.398975 0.005704 0.005622
0 0.629464 0.348545 0.005952 0.006614
0 0.603299 0.278770 0.005208 0.007275
0 0.650174 0.312831 0.004216 0.006614
0 0.676959 0.380622 0.004216 0.005291
0 0.703373 0.382606 0.005456 0.007275
0 0.728671 0.582672 0.003968 0.005952
0 0.747148 0.573743 0.005704 0.007275
0 0.750992 0.583829 0.004464 0.006283
0 0.755456 0.560516 0.004960 0.006614
0 0.763889 0.533069 0.003968 0.004630
0 0.795635 0.566468 0.004464 0.004630
0 0.721106 0.679563 0.005208 0.006614
0 0.740823 0.615410 0.005456 0.005952
0 0.766617 0.365575 0.007440 0.006944
0 0.769345 0.378142 0.005456 0.008267
0 0.776290 0.403439 0.005952 0.007275
0 0.781870 0.423611 0.006200 0.007275
0 0.775918 0.440146 0.005704 0.005952
0 0.797619 0.443122 0.003968 0.005952
0 0.682044 0.554894 0.003472 0.004630
0 0.722718 0.555060 0.005456 0.006944
0 0.703993 0.554894 0.004216 0.005291
