0 0.515873 0.627149 0.005952 0.006283
0 0.514385 0.648313 0.004960 0.006944
0 0.563616 0.675099 0.003720 0.009590
0 0.570561 0.681713 0.004712 0.008929
0 0.610987 0.669147 0.005208 0.006944
0 0.453869 0.518022 0.004464 0.006944
0 0.464906 0.528108 0.005208 0.005291
0 0.483135 0.538029 0.006448 0.005291
0 0.516865 0.560185 0.004960 0.007275
0 0.522693 0.410549 0.004712 0.006283
0 0.541667 0.415013 0.005456 0.007275
0 0.586682 0.370536 0.005704 0.004960
0 0.599826 0.391700 0.003224 0.004960
0 0.613963 0.407573 0.006696 0.006283
0 0.593130 0.332011 0.005704 0.007275
0 0.639137 0.359623 0.005952 0.004299
0 0.657490 0.312335 0.004464 0.005622
0 0.602927 0.256448 0.004960 0.007606
0 0.770337 0.348876 0.007440 0.007275
0 0.773562 0.370205 0.005456 0.007606
0 0.708457 0.373843 0.005704 0.006944
0 0.772569 0.397321 0.005456 0.006283
0 0.791171 0.404266 0.005952 0.006283
0 0.785218 0.428075 0.004464 0.004299
0 0.794147 0.434028 0.002976 0.003638
0 0.688368 0.550595 0.004216 0.005291
0 0.734375 0.573082 0.004960 0.006614
0 0.753224 0.560847 0.004464 0.004630
0 0.761781 0.558862 0.006200 0.007275
0 0.781994 0.554729 0.004464 0.006944
0 0.777530 0.529266 0.004464 0.004960
0 0.742063 0.534226 0.004960 0.008267
0 0.725942 0.543485 0.005456 0.004299
0 0.755456 0.603340 0.004960 0.006944
0 0.727431 0.668816 0.004960 0.004960
0 0.747768 0.658730 0.004464 0.005291
0 0.637401 0.640708 0.005952 0.008267
