0 0.591766 0.674769 0.005456 0.005622
0 0.569816 0.652116 0.005208 0.007275
0 0.573909 0.680556 0.005456 0.007937
0 0.644097 0.636905 0.004960 0.007275
0 0.511905 0.649636 0.005456 0.006944
0 0.520089 0.630456 0.005952 0.005622
0 0.711806 0.552745 0.005456 0.006283
0 0.729911 0.549603 0.004960 0.007275
0 0.731647 0.581515 0.005456 0.005622
0 0.751860 0.570437 0.005208 0.007937
0 0.753844 0.579696 0.004712 0.007937
0 0.766245 0.557705 0.005208 0.007606
0 0.768477 0.533730 0.004216 0.005952
0 0.807912 0.567295 0.004712 0.006283
0 0.745164 0.614418 0.004712 0.005291
0 0.769593 0.360119 0.007937 0.007275
0 0.770709 0.375496 0.006696 0.008267
0 0.775050 0.403108 0.005456 0.005952
0 0.786830 0.418816 0.005208 0.004960
0 0.779886 0.438492 0.004216 0.005952
0 0.796627 0.441634 0.004464 0.005622
0 0.631820 0.355324 0.005704 0.006283
0 0.704241 0.379960 0.005208 0.007275
0 0.652778 0.313327 0.004464 0.005622
0 0.601935 0.349041 0.004464 0.008929
0 0.613467 0.409722 0.007192 0.005291
0 0.610863 0.397983 0.004464 0.005622
0 0.602927 0.272983 0.003968 0.007606
0 0.527282 0.418981 0.007937 0.008598
0 0.538566 0.417989 0.006696 0.009259
0 0.482887 0.542659 0.005952 0.010582
0 0.522445 0.561012 0.005208 0.007606
0 0.464658 0.524140 0.005208 0.005952
0 0.453497 0.484458 0.005208 0.005952
0 0.507564 0.501653 0.005208 0.004630
0 0.518973 0.474372 0.004712 0.006944
0 0.471726 0.381448 0.005952 0.004299
0 0.723834 0.676918 0.006696 0.005952
