0 0.301257 0.566592 0.007275 0.004712
0 0.380787 0.561012 0.005622 0.005456
0 0.385747 0.591518 0.006283 0.004464
0 0.404597 0.545015 0.006283 0.004216
0 0.422950 0.550595 0.007275 0.003472
0 0.456349 0.546999 0.006614 0.004216
0 0.363095 0.503472 0.005291 0.005456
0 0.375331 0.515129 0.005291 0.004464
0 0.418485 0.463666 0.006283 0.003224
0 0.522156 0.553075 0.005291 0.005456
0 0.422784 0.569444 0.005622 0.004960
0 0.328538 0.633061 0.013558 0.004712
0 0.262235 0.623016 0.004630 0.004960
0 0.392196 0.618304 0.007275 0.004464
0 0.618056 0.502852 0.007937 0.005208
0 0.357474 0.656126 0.005291 0.004216
0 0.381283 0.662574 0.005952 0.005704
0 0.422123 0.719246 0.006283 0.004960
0 0.446594 0.694072 0.006283 0.005704
0 0.367725 0.704489 0.004630 0.004216
0 0.488426 0.675223 0.004630 0.004712
0 0.512566 0.721230 0.006614 0.006448
0 0.396825 0.777902 0.005291 0.004712
0 0.338294 0.743676 0.011243 0.006200
0 0.522817 0.740327 0.007275 0.004464
0 0.422784 0.757192 0.005622 0.004464
0 0.448247 0.752852 0.004960 0.004216
0 0.476025 0.758185 0.008267 0.006944
0 0.492890 0.782242 0.004960 0.006448
0 0.521825 0.781374 0.005291 0.004712
0 0.515377 0.797743 0.006283 0.005208
0 0.566634 0.809896 0.006944 0.006696
0 0.484458 0.817956 0.005291 0.005952
0 0.453208 0.780878 0.005622 0.005208
0 0.580853 0.669395 0.005622 0.004464
0 0.665840 0.719494 0.006944 0.005952
0 0.674769 0.650918 0.006944 0.006696
0 0.704365 0.664187 0.009259 0.005456
0 0.666336 0.587550 0.006614 0.004464
0 0.575893 0.548983 0.008267 0.007688
0 0.565311 0.562500 0.004960 0.005456
0 0.602679 0.521825 0.006283 0.005952
0 0.528439 0.456473 0.007937 0.006696
0 0.475198 0.480655 0.007937 0.003968
0 0.509425 0.487847 0.006944 0.005456
0 0.436508 0.524926 0.006614 0.004216
0 0.557044 0.476562 0.006283 0.004216
0 0.559358 0.457217 0.006944 0.004216
0 0.519015 0.508309 0.004299 0.004712
0 0.569444 0.591642 0.005291 0.004712
0 0.486607 0.590030 0.008267 0.005456
0 0.619378 0.561136 0.009259 0.004216
0 0.583664 0.590402 0.010582 0.004712
0 0.598049 0.695561 0.006944 0.004712
0 0.404266 0.633185 0.006283 0.004960
0 0.470569 0.507068 0.005952 0.003224
0 0.391534 0.461062 0.005291 0.003968
0 0.287202 0.678323 0.006283 0.003968
0 0.544147 0.632192 0.005622 0.003968
0 0.476687 0.563492 0.006283 0.004464
0 0.581349 0.458953 0.004630 0.004712
