0 0.305060 0.584821 0.006283 0.008929
0 0.367560 0.578001 0.006283 0.004712
0 0.397487 0.546379 0.005291 0.005456
0 0.346230 0.517113 0.004630 0.004960
0 0.395668 0.492684 0.006283 0.005208
0 0.414848 0.584201 0.006944 0.004712
0 0.474041 0.542659 0.006283 0.005952
0 0.474041 0.536582 0.006283 0.003224
0 0.498843 0.525670 0.005622 0.004712
0 0.599206 0.495164 0.007937 0.004712
0 0.627646 0.524182 0.012566 0.004216
0 0.428075 0.456101 0.005622 0.004464
0 0.406746 0.454861 0.007275 0.003472
0 0.360946 0.654886 0.005622 0.005208
0 0.342427 0.689360 0.008929 0.004712
0 0.367890 0.702629 0.006283 0.005456
0 0.440642 0.708457 0.005622 0.005208
0 0.480159 0.702133 0.007275 0.007440
0 0.475033 0.725570 0.006283 0.006200
0 0.411541 0.752232 0.009590 0.003968
0 0.433366 0.674603 0.006944 0.005952
0 0.399967 0.615327 0.006283 0.005456
0 0.392526 0.611855 0.005291 0.003968
0 0.445106 0.580853 0.005291 0.004464
0 0.314980 0.627232 0.009590 0.003968
0 0.552910 0.687128 0.007937 0.004216
0 0.627480 0.691716 0.008929 0.006448
0 0.690807 0.613963 0.008598 0.004216
0 0.633102 0.563368 0.006283 0.004712
0 0.614749 0.544643 0.007275 0.004464
0 0.683532 0.564360 0.007275 0.004216
0 0.567460 0.474206 0.007275 0.004960
0 0.566303 0.478175 0.009590 0.004464
0 0.512897 0.630580 0.005291 0.004712
0 0.477348 0.599206 0.005622 0.005456
0 0.517030 0.609003 0.006283 0.005704
0 0.509921 0.750868 0.005952 0.006696
0 0.521495 0.714906 0.005952 0.003720
0 0.648975 0.477555 0.005622 0.006200
0 0.663856 0.484003 0.008929 0.005208
0 0.637070 0.457465 0.006944 0.006200
0 0.541171 0.458953 0.007606 0.004712
0 0.539187 0.463666 0.006283 0.004712
0 0.696759 0.702257 0.005952 0.006200
0 0.583664 0.669643 0.005291 0.004960
0 0.458168 0.785342 0.006283 0.004712
0 0.394345 0.791419 0.006283 0.005952
0 0.329696 0.750372 0.005291 0.006200
0 0.538525 0.789683 0.006283 0.006944
0 0.583499 0.775174 0.005622 0.006200
0 0.524471 0.757564 0.005291 0.005208
0 0.522487 0.753720 0.005952 0.004464
0 0.409722 0.715774 0.006614 0.005456
0 0.392692 0.644221 0.006283 0.004216
0 0.584491 0.570437 0.004960 0.004960
0 0.608135 0.591518 0.006614 0.003472
0 0.405258 0.492063 0.009590 0.003968
0 0.614914 0.643105 0.007606 0.003472
0 0.572751 0.591394 0.007275 0.004712
