0 0.315972 0.572793 0.004960 0.003720
0 0.383267 0.553323 0.005291 0.004960
0 0.373512 0.540923 0.003638 0.003968
0 0.364583 0.503348 0.005622 0.005208
0 0.416336 0.541295 0.005291 0.003720
0 0.423280 0.547495 0.007937 0.004712
0 0.432540 0.570437 0.005291 0.005456
0 0.383433 0.591518 0.008929 0.004464
0 0.337467 0.637773 0.016865 0.004712
0 0.270999 0.625744 0.006283 0.004960
0 0.398644 0.623016 0.006944 0.004960
0 0.463790 0.545387 0.006944 0.004464
0 0.364914 0.661582 0.006283 0.003720
0 0.387566 0.667907 0.005952 0.004960
0 0.373677 0.704117 0.005291 0.004464
0 0.429729 0.718254 0.008929 0.004960
0 0.348545 0.751488 0.010582 0.006944
0 0.515542 0.727059 0.007275 0.006200
0 0.427414 0.757316 0.006283 0.004712
0 0.410714 0.785962 0.007937 0.004960
0 0.487434 0.762277 0.007937 0.008185
0 0.498843 0.781994 0.005622 0.005952
0 0.411872 0.634549 0.005622 0.004712
0 0.488922 0.679812 0.007606 0.005456
0 0.456349 0.691344 0.005952 0.004712
0 0.580026 0.587054 0.010582 0.003968
0 0.533234 0.555680 0.006283 0.006696
0 0.520503 0.510913 0.004630 0.005456
0 0.450066 0.527902 0.006614 0.004712
0 0.576554 0.544767 0.008929 0.006696
0 0.564980 0.560020 0.005622 0.004464
0 0.603340 0.527654 0.008929 0.005208
0 0.633267 0.499628 0.009921 0.006200
0 0.682374 0.587674 0.006283 0.004712
0 0.680721 0.659722 0.006283 0.007937
0 0.680721 0.718006 0.008267 0.005456
0 0.461310 0.783730 0.005291 0.007937
0 0.409392 0.729787 0.005291 0.004712
0 0.530423 0.781250 0.005952 0.004960
0 0.531415 0.741939 0.007937 0.004216
0 0.569775 0.807788 0.006614 0.006448
0 0.500496 0.819072 0.006944 0.004216
0 0.529927 0.803447 0.005622 0.004712
0 0.450562 0.756076 0.005622 0.005208
0 0.347222 0.724206 0.005952 0.004464
0 0.287698 0.685516 0.008598 0.003472
0 0.280423 0.599330 0.005291 0.005208
0 0.490079 0.586186 0.004630 0.005704
0 0.479663 0.479291 0.006283 0.003720
0 0.424438 0.461806 0.005622 0.003968
0 0.593750 0.632192 0.006283 0.003968
0 0.531746 0.450769 0.008598 0.003720
0 0.505291 0.436756 0.011905 0.004464
0 0.562169 0.454365 0.007275 0.005456
0 0.563823 0.472222 0.005291 0.004960
0 0.715774 0.664559 0.008929 0.006200
0 0.589120 0.665427 0.005622 0.005952
0 0.594577 0.692336 0.005291 0.004216
0 0.604332 0.699529 0.006944 0.004712
0 0.553241 0.632937 0.005291 0.003968
0 0.620536 0.561632 0.008929 0.005208
0 0.506944 0.486359 0.007275 0.004960
0 0.475860 0.503472 0.004630 0.003968
0 0.382440 0.509549 0.006944 0.005208
