0 0.416005 0.454489 0.013228 0.003224
0 0.395007 0.473710 0.005622 0.008929
0 0.419478 0.498760 0.004960 0.004464
0 0.478175 0.449405 0.006614 0.003968
0 0.490410 0.443824 0.004630 0.002728
0 0.539848 0.459077 0.007606 0.006944
0 0.588128 0.480903 0.007606 0.003968
0 0.632440 0.460193 0.005622 0.004216
0 0.613591 0.441840 0.009590 0.004712
0 0.629960 0.470858 0.003968 0.003720
0 0.341270 0.538194 0.007937 0.003968
0 0.361772 0.516865 0.005952 0.004464
0 0.513062 0.527034 0.009590 0.004960
0 0.421958 0.563616 0.004630 0.004712
0 0.421462 0.583705 0.007606 0.004216
0 0.429729 0.585938 0.004960 0.004216
0 0.479663 0.610367 0.006944 0.004464
0 0.535549 0.568204 0.006944 0.004464
0 0.525132 0.544643 0.005291 0.004960
0 0.590939 0.538070 0.007275 0.005208
0 0.654927 0.501860 0.006944 0.006200
0 0.617890 0.543651 0.007606 0.005952
0 0.676587 0.494296 0.006614 0.005456
0 0.687831 0.499752 0.007275 0.004960
0 0.694279 0.541543 0.005622 0.004216
0 0.569114 0.611483 0.007937 0.004216
0 0.599206 0.612971 0.005952 0.004712
0 0.767526 0.609871 0.005291 0.005456
0 0.328869 0.575521 0.004960 0.006200
0 0.443287 0.556300 0.004960 0.003968
0 0.504134 0.560888 0.004299 0.004216
0 0.403108 0.634921 0.004630 0.006944
0 0.395007 0.672495 0.007606 0.004216
0 0.409557 0.686136 0.005622 0.004216
0 0.408565 0.691592 0.004960 0.004216
0 0.438161 0.670635 0.008598 0.003968
0 0.475033 0.657986 0.005622 0.003968
0 0.510417 0.654638 0.006944 0.005208
0 0.373016 0.739707 0.006614 0.005704
0 0.404927 0.711434 0.007606 0.006200
0 0.417493 0.723834 0.006283 0.005208
0 0.480985 0.713666 0.005622 0.004216
0 0.504795 0.727059 0.005622 0.006200
0 0.547950 0.731771 0.008598 0.011657
0 0.507110 0.759673 0.004960 0.004960
0 0.513889 0.785094 0.005952 0.005704
0 0.562169 0.674107 0.011243 0.004960
0 0.601356 0.713418 0.006283 0.005208
0 0.720734 0.704985 0.006283 0.004216
0 0.642692 0.757812 0.005622 0.004712
0 0.638062 0.751364 0.007606 0.003224
0 0.591104 0.602927 0.004960 0.004464
0 0.566303 0.575645 0.004299 0.004960
0 0.631283 0.591146 0.007275 0.004216
0 0.553075 0.594494 0.005622 0.005456
0 0.718089 0.567336 0.006283 0.005704
0 0.295139 0.548859 0.004299 0.003472
0 0.466766 0.505828 0.004299 0.003224
0 0.337963 0.517981 0.003968 0.005208
0 0.299107 0.694072 0.006283 0.003720
0 0.506283 0.689608 0.004630 0.007192
0 0.383929 0.738467 0.005291 0.003720
0 0.510251 0.699157 0.006614 0.003968
0 0.563988 0.480407 0.006944 0.004960
