0 0.378638 0.588170 0.009921 0.004712
0 0.371032 0.600198 0.007275 0.004464
0 0.375661 0.525918 0.013228 0.004712
0 0.354828 0.499752 0.006614 0.004960
0 0.383267 0.494048 0.005291 0.005456
0 0.400132 0.490575 0.004630 0.005456
0 0.427579 0.525174 0.007937 0.003720
0 0.493717 0.466890 0.006614 0.003224
0 0.510913 0.441964 0.007937 0.003472
0 0.452712 0.519345 0.005952 0.003968
0 0.475364 0.534598 0.006944 0.004712
0 0.481812 0.529266 0.003968 0.005952
0 0.496032 0.481275 0.005291 0.004216
0 0.500165 0.488591 0.004299 0.003968
0 0.563988 0.465030 0.005622 0.003968
0 0.663360 0.479911 0.010582 0.005456
0 0.547123 0.554936 0.006944 0.006696
0 0.527282 0.519717 0.004960 0.003224
0 0.556713 0.537202 0.005622 0.003472
0 0.576224 0.539311 0.006283 0.008681
0 0.580522 0.544023 0.007606 0.004712
0 0.412037 0.637029 0.008598 0.004712
0 0.372189 0.657242 0.009590 0.004960
0 0.296792 0.640377 0.006944 0.005952
0 0.405589 0.710441 0.008929 0.004216
0 0.437169 0.707589 0.007275 0.005952
0 0.437996 0.649802 0.006944 0.005952
0 0.400298 0.682912 0.005622 0.004712
0 0.408399 0.683160 0.005291 0.004216
0 0.372685 0.722842 0.005291 0.006200
0 0.354167 0.768849 0.007937 0.010417
0 0.292493 0.721726 0.006283 0.007440
0 0.278935 0.709077 0.005622 0.005456
0 0.527282 0.746776 0.007606 0.005456
0 0.484623 0.672371 0.006283 0.005456
0 0.485284 0.701761 0.006944 0.004216
0 0.363757 0.690352 0.007275 0.005208
0 0.426091 0.760789 0.006283 0.004216
0 0.483796 0.792659 0.007937 0.004960
0 0.464286 0.809648 0.006614 0.006696
0 0.468254 0.772569 0.005291 0.004960
0 0.526124 0.780258 0.007937 0.006448
0 0.528604 0.770213 0.009590 0.006696
0 0.558366 0.772693 0.006283 0.004712
0 0.580522 0.784970 0.007606 0.006944
0 0.554894 0.814608 0.007275 0.004712
0 0.555886 0.745536 0.005291 0.005456
0 0.560681 0.574033 0.009590 0.004712
0 0.448909 0.586558 0.008929 0.005456
0 0.511574 0.565104 0.004630 0.005704
0 0.638062 0.625124 0.005622 0.004712
0 0.605489 0.649430 0.006614 0.005208
0 0.726852 0.584821 0.007937 0.004464
0 0.593419 0.584945 0.005622 0.004712
0 0.705192 0.675719 0.005622 0.005208
0 0.745701 0.657614 0.007937 0.004216
0 0.745701 0.683656 0.007937 0.004216
0 0.732804 0.702505 0.005291 0.004216
0 0.731647 0.695685 0.008267 0.003968
0 0.467427 0.500744 0.007606 0.003968
0 0.458333 0.550595 0.007275 0.004960
0 0.290675 0.573537 0.007275 0.004712
0 0.500165 0.568204 0.006283 0.003472
