0 0.347884 0.492932 0.003968 0.003224
0 0.311839 0.506944 0.004630 0.004464
0 0.374835 0.504464 0.004299 0.003968
0 0.390708 0.511905 0.006283 0.005952
0 0.424107 0.476562 0.005622 0.005704
0 0.454365 0.481399 0.003968 0.004464
0 0.474702 0.499256 0.004299 0.004464
0 0.499339 0.453993 0.004630 0.003720
0 0.482308 0.480407 0.004960 0.002480
0 0.519511 0.505332 0.005291 0.004712
0 0.436508 0.488095 0.005291 0.002976
0 0.529927 0.508929 0.004960 0.003472
0 0.598876 0.532614 0.006614 0.004712
0 0.636739 0.484995 0.008267 0.004216
0 0.563492 0.453745 0.009921 0.003224
0 0.281581 0.555680 0.004960 0.003720
0 0.359788 0.589658 0.007275 0.004216
0 0.481978 0.554067 0.006944 0.003968
0 0.488261 0.535838 0.004299 0.004216
0 0.491237 0.536706 0.005622 0.003968
0 0.454696 0.531994 0.003968 0.004464
0 0.456845 0.521453 0.004960 0.002232
0 0.478340 0.573785 0.006944 0.003720
0 0.450562 0.571677 0.006283 0.003968
0 0.565476 0.550471 0.004630 0.004712
0 0.424603 0.634549 0.005952 0.005208
0 0.319114 0.615575 0.005952 0.004960
0 0.291171 0.680308 0.007606 0.003968
0 0.311343 0.690104 0.005622 0.004216
0 0.352017 0.680184 0.004960 0.004216
0 0.412037 0.670387 0.005291 0.004464
0 0.431713 0.654142 0.004960 0.004216
0 0.394180 0.709697 0.011905 0.005208
0 0.451224 0.691840 0.004960 0.004216
0 0.384094 0.732143 0.005622 0.004960
0 0.415675 0.723462 0.007275 0.005456
0 0.427414 0.718254 0.008267 0.004464
0 0.434193 0.716270 0.009259 0.004464
0 0.490079 0.801215 0.004630 0.005704
0 0.521825 0.800967 0.006614 0.004216
0 0.494213 0.735615 0.005622 0.004960
0 0.545139 0.763145 0.005622 0.004464
0 0.481481 0.635913 0.005952 0.005952
0 0.607639 0.628472 0.006944 0.005456
0 0.618221 0.623512 0.006283 0.003968
0 0.667493 0.613343 0.005622 0.004464
0 0.710648 0.615451 0.008598 0.004712
0 0.717593 0.655878 0.006614 0.004216
0 0.615079 0.737103 0.006614 0.004464
0 0.556713 0.786210 0.005622 0.005456
0 0.590939 0.779762 0.008598 0.005952
0 0.567130 0.759549 0.007275 0.004712
0 0.559854 0.747768 0.006614 0.007440
0 0.582507 0.802579 0.005622 0.004464
0 0.724041 0.705977 0.005622 0.005704
0 0.739914 0.689360 0.006283 0.006696
0 0.761905 0.648065 0.004630 0.004960
0 0.503638 0.592138 0.004630 0.003224
0 0.421627 0.556920 0.006614 0.003720
0 0.551587 0.650422 0.005952 0.004712
0 0.585979 0.680060 0.005291 0.004464
0 0.606316 0.572917 0.004960 0.003472
