0 0.726935 0.584987 0.004464 0.011243
0 0.733879 0.573578 0.004960 0.006944
0 0.737599 0.576058 0.004464 0.007275
0 0.745288 0.591601 0.003968 0.005291
0 0.741815 0.614749 0.004960 0.005291
0 0.756200 0.532903 0.004960 0.005622
0 0.777282 0.567626 0.003968 0.004299
0 0.771081 0.450893 0.004464 0.004960
0 0.768725 0.438657 0.003720 0.004299
0 0.802951 0.450893 0.004712 0.004299
0 0.802827 0.407242 0.004464 0.006283
0 0.781622 0.406581 0.004712 0.005622
0 0.770089 0.379464 0.004960 0.006944
0 0.762773 0.377480 0.006696 0.006283
0 0.678199 0.377480 0.005208 0.006283
0 0.705481 0.383102 0.005208 0.006944
0 0.648934 0.308862 0.004712 0.007275
0 0.602307 0.287533 0.004712 0.006944
0 0.630084 0.333168 0.005208 0.006283
0 0.609995 0.360615 0.005208 0.007606
0 0.627604 0.236938 0.006200 0.008267
0 0.610987 0.405754 0.006200 0.005291
0 0.624132 0.400628 0.003720 0.006283
0 0.575645 0.378307 0.005456 0.004630
0 0.536954 0.418320 0.004960 0.011905
0 0.532366 0.426257 0.006696 0.005291
0 0.649182 0.618882 0.004712 0.007606
0 0.676711 0.559028 0.004216 0.004960
0 0.694072 0.566303 0.004216 0.005622
0 0.714410 0.557374 0.003720 0.004960
0 0.712178 0.684854 0.004712 0.005291
0 0.743800 0.680225 0.003968 0.004630
0 0.735491 0.693618 0.003224 0.003638
0 0.547743 0.695767 0.003720 0.005952
0 0.576265 0.671131 0.004712 0.009590
0 0.577505 0.617063 0.004712 0.008598
0 0.510789 0.641204 0.004712 0.007937
0 0.517857 0.630952 0.005952 0.006614
0 0.472594 0.547123 0.004216 0.006944
0 0.468874 0.533896 0.004712 0.005622
0 0.531126 0.556878 0.003224 0.007275
0 0.474330 0.480489 0.005208 0.006614
0 0.520585 0.516534 0.003472 0.004630
0 0.484127 0.373677 0.004464 0.005952
0 0.483755 0.369213 0.004216 0.005622
