0 0.546627 0.541501 0.004464 0.006283
0 0.649802 0.584987 0.003968 0.009259
0 0.663566 0.565476 0.003720 0.004630
0 0.678075 0.580688 0.003968 0.005952
0 0.703249 0.551091 0.004712 0.004960
0 0.722718 0.580357 0.004464 0.012566
0 0.758929 0.416667 0.006944 0.007275
0 0.770833 0.392526 0.004464 0.008598
0 0.792783 0.416171 0.004712 0.006283
0 0.788814 0.431217 0.004712 0.005952
0 0.751364 0.441468 0.005208 0.005291
0 0.763269 0.462963 0.004712 0.004630
0 0.802827 0.468089 0.003968 0.004960
0 0.718750 0.385417 0.004464 0.006283
0 0.688244 0.379795 0.004464 0.006944
0 0.585317 0.657242 0.004464 0.009590
0 0.509053 0.625331 0.004216 0.007275
0 0.514509 0.629134 0.003224 0.004960
0 0.462550 0.553406 0.004960 0.004960
0 0.479415 0.542989 0.004960 0.005291
0 0.455853 0.586806 0.005456 0.006283
0 0.541915 0.436343 0.005952 0.006944
0 0.531994 0.409557 0.004464 0.007606
0 0.496032 0.478836 0.003472 0.005291
0 0.513269 0.481316 0.004216 0.004960
0 0.530010 0.506944 0.003472 0.006614
0 0.528894 0.515212 0.004712 0.005291
0 0.472470 0.521660 0.002480 0.005622
0 0.449281 0.461971 0.005704 0.007937
0 0.569816 0.554563 0.004216 0.009259
0 0.629092 0.520503 0.004712 0.005291
0 0.616195 0.399471 0.005208 0.004630
0 0.648562 0.386905 0.003968 0.005952
0 0.615451 0.382606 0.004216 0.008598
0 0.606647 0.316964 0.005456 0.006283
0 0.617188 0.310681 0.004216 0.005622
0 0.648934 0.302249 0.004712 0.005952
0 0.636657 0.245866 0.005952 0.006283
0 0.678075 0.251157 0.008929 0.006944
0 0.703993 0.281581 0.007688 0.009590
0 0.743304 0.577712 0.003968 0.004630
0 0.730779 0.596561 0.004712 0.005952
0 0.741939 0.614418 0.003720 0.005291
0 0.719990 0.604001 0.006944 0.006283
0 0.744916 0.521991 0.004712 0.004299
0 0.481399 0.366237 0.003472 0.005622
0 0.695188 0.692791 0.004464 0.006614
0 0.732143 0.670470 0.002976 0.004299
0 0.564608 0.703538 0.004216 0.004960
