0 0.567336 0.662864 0.004712 0.008929
0 0.573289 0.681713 0.005208 0.010251
0 0.603175 0.670470 0.003472 0.008267
0 0.641245 0.639220 0.004712 0.005952
0 0.733879 0.578042 0.006448 0.005952
0 0.750496 0.611276 0.005456 0.003638
0 0.758185 0.565807 0.004960 0.007937
0 0.754340 0.571429 0.004712 0.005952
0 0.773934 0.531746 0.004216 0.004630
0 0.775670 0.556713 0.003224 0.007606
0 0.737475 0.542328 0.004712 0.006614
0 0.718502 0.548280 0.004960 0.005291
0 0.524802 0.415509 0.006448 0.006283
0 0.540303 0.416997 0.006200 0.007937
0 0.585069 0.372685 0.004960 0.004630
0 0.598090 0.339782 0.004712 0.008267
0 0.606399 0.394511 0.002976 0.003968
0 0.614583 0.408896 0.006448 0.006283
0 0.635541 0.358466 0.005208 0.005291
0 0.602555 0.265377 0.005704 0.009590
0 0.655754 0.312831 0.004464 0.006614
0 0.678819 0.380126 0.003968 0.004960
0 0.707217 0.378307 0.006696 0.006614
0 0.772073 0.354993 0.008433 0.006944
0 0.772941 0.373016 0.004712 0.008598
0 0.773313 0.399471 0.003472 0.006614
0 0.788690 0.410714 0.005456 0.005952
0 0.782490 0.432870 0.004464 0.004630
0 0.795387 0.437335 0.004464 0.004960
0 0.459821 0.521660 0.003968 0.005622
0 0.472222 0.529266 0.005456 0.006283
0 0.484251 0.539517 0.004712 0.007606
0 0.519717 0.561012 0.004712 0.007606
0 0.445188 0.485119 0.004960 0.005291
0 0.463914 0.506944 0.005208 0.004630
0 0.514013 0.649471 0.005208 0.007275
0 0.518229 0.628803 0.005704 0.005622
0 0.687500 0.551753 0.004960 0.006944
0 0.727555 0.673776 0.006200 0.004299
0 0.746280 0.663194 0.004960 0.003638
