0 0.452712 0.486359 0.005952 0.004960
0 0.369874 0.511781 0.005622 0.003720
0 0.374008 0.514385 0.005952 0.004464
0 0.393188 0.634921 0.005291 0.003968
0 0.435681 0.620164 0.006283 0.005208
0 0.404597 0.647693 0.011574 0.004712
0 0.500000 0.608631 0.005952 0.005456
0 0.511574 0.582961 0.004630 0.004712
0 0.479167 0.676091 0.005291 0.004464
0 0.455853 0.679563 0.004960 0.003968
0 0.384425 0.680432 0.006944 0.006696
0 0.429894 0.662574 0.005291 0.005704
0 0.452877 0.656870 0.004299 0.004216
0 0.392361 0.719122 0.005622 0.005208
0 0.397321 0.725074 0.008267 0.004712
0 0.467758 0.722594 0.006283 0.004216
0 0.462467 0.756820 0.004299 0.004216
0 0.494709 0.733755 0.007937 0.006200
0 0.501819 0.700397 0.004960 0.003968
0 0.528274 0.716022 0.005622 0.007937
0 0.530919 0.735367 0.004960 0.005456
0 0.532573 0.748512 0.005622 0.005952
0 0.550595 0.760789 0.003968 0.005704
0 0.630787 0.699405 0.006283 0.004960
0 0.615245 0.670759 0.006283 0.007192
0 0.554563 0.608631 0.005952 0.003968
0 0.437831 0.570809 0.008598 0.004712
0 0.537864 0.506944 0.006944 0.005952
0 0.517857 0.538318 0.006614 0.004216
0 0.327050 0.492063 0.005291 0.006448
0 0.326554 0.499752 0.009590 0.005952
0 0.398644 0.496652 0.005622 0.005208
0 0.638724 0.505580 0.006283 0.004712
0 0.577712 0.515625 0.007937 0.005456
0 0.655919 0.574281 0.006944 0.004712
0 0.707011 0.528646 0.009259 0.007192
0 0.723380 0.578249 0.008267 0.004712
0 0.665840 0.563740 0.005622 0.004960
0 0.422784 0.535962 0.004960 0.003472
0 0.312831 0.548239 0.008598 0.005208
0 0.432044 0.530010 0.004299 0.003472
0 0.440311 0.596726 0.006283 0.003968
0 0.517526 0.440724 0.010582 0.004960
0 0.468915 0.475818 0.004630 0.004216
0 0.514385 0.433284 0.006283 0.004464
0 0.673280 0.480531 0.007937 0.005208
0 0.682374 0.506448 0.009590 0.004464
0 0.716270 0.526538 0.006614 0.004960
0 0.496032 0.466022 0.006614 0.003968
0 0.718089 0.692088 0.006283 0.004712
0 0.641038 0.767857 0.006283 0.005952
0 0.680060 0.611359 0.008929 0.002976
0 0.572917 0.549603 0.004960 0.002976
0 0.341601 0.572297 0.005291 0.004712
0 0.510417 0.613963 0.003638 0.003720
0 0.557374 0.501488 0.006283 0.003968
