0 0.538690 0.430886 0.006448 0.006614
0 0.536086 0.411541 0.005208 0.007606
0 0.570561 0.383102 0.005208 0.006283
0 0.612723 0.371528 0.004216 0.008267
0 0.612723 0.401620 0.005208 0.005622
0 0.512401 0.633267 0.004464 0.008598
0 0.517361 0.629299 0.004960 0.005952
0 0.582093 0.663856 0.004960 0.009590
0 0.575397 0.583499 0.004464 0.008267
0 0.649306 0.598710 0.004464 0.008267
0 0.540675 0.548280 0.005952 0.008598
0 0.525546 0.515542 0.004464 0.004630
0 0.724950 0.581680 0.003968 0.009921
0 0.728547 0.580853 0.004712 0.009590
0 0.725074 0.594081 0.004712 0.006944
0 0.738467 0.596892 0.004712 0.006614
0 0.744792 0.612103 0.003968 0.005291
0 0.757937 0.573743 0.004464 0.005291
0 0.712302 0.553241 0.004960 0.005952
0 0.750496 0.530754 0.004960 0.005291
0 0.456969 0.561177 0.005704 0.007937
0 0.468378 0.525794 0.004216 0.007275
0 0.474950 0.548115 0.003968 0.006283
0 0.486235 0.479167 0.004216 0.005291
0 0.448289 0.472553 0.004216 0.004630
0 0.683284 0.574901 0.006944 0.004960
0 0.669891 0.560681 0.003472 0.004960
0 0.711558 0.383763 0.005952 0.007606
0 0.761905 0.397652 0.006944 0.006944
0 0.771825 0.385582 0.005456 0.009259
0 0.786334 0.410053 0.005208 0.005291
0 0.795139 0.419147 0.004960 0.005622
0 0.758309 0.441468 0.005704 0.005952
0 0.767857 0.459987 0.006448 0.005952
0 0.804688 0.459491 0.003224 0.004960
0 0.650050 0.307705 0.005456 0.010251
0 0.623636 0.322255 0.004712 0.004960
0 0.602183 0.302249 0.004960 0.007937
0 0.671131 0.245205 0.006944 0.007606
0 0.711186 0.268022 0.006200 0.006944
0 0.636285 0.394676 0.004216 0.005622
0 0.625372 0.517692 0.005208 0.005622
0 0.703001 0.690642 0.005704 0.006944
0 0.738467 0.675926 0.003224 0.004630
0 0.743924 0.680060 0.002728 0.004299
0 0.571677 0.691303 0.004464 0.004960
0 0.483631 0.365575 0.002976 0.004299
0 0.633433 0.242725 0.005952 0.007275
