0 0.395668 0.618800 0.006283 0.004960
0 0.381448 0.590278 0.006283 0.004464
0 0.387235 0.518105 0.007937 0.003968
0 0.346396 0.498264 0.004960 0.004464
0 0.381779 0.488963 0.004960 0.004712
0 0.399471 0.478795 0.005952 0.004712
0 0.482639 0.465650 0.006283 0.003720
0 0.429563 0.511657 0.005291 0.003472
0 0.456515 0.508805 0.004960 0.003720
0 0.500000 0.481771 0.003968 0.002728
0 0.509755 0.444196 0.004299 0.004464
0 0.572090 0.461682 0.005952 0.004216
0 0.481978 0.528150 0.004960 0.005704
0 0.558366 0.552951 0.006944 0.004216
0 0.586475 0.548363 0.006944 0.005456
0 0.547123 0.527282 0.004299 0.003472
0 0.520337 0.525546 0.002976 0.003472
0 0.495040 0.491319 0.003968 0.003968
0 0.540509 0.577133 0.011574 0.004464
0 0.443452 0.600198 0.006614 0.004960
0 0.480489 0.582465 0.005952 0.003720
0 0.508433 0.556548 0.005622 0.006944
0 0.413690 0.645709 0.007937 0.004216
0 0.299603 0.710565 0.005291 0.005952
0 0.383102 0.671007 0.007606 0.004712
0 0.409061 0.692832 0.003968 0.003720
0 0.415509 0.694072 0.005622 0.004712
0 0.442791 0.664187 0.004630 0.005952
0 0.486938 0.664683 0.004960 0.006448
0 0.445767 0.703125 0.005952 0.004960
0 0.421296 0.713294 0.005952 0.005952
0 0.361276 0.770213 0.006283 0.008185
0 0.489583 0.816716 0.008929 0.005456
0 0.473049 0.785714 0.006283 0.004464
0 0.424272 0.778646 0.005952 0.004712
0 0.494378 0.796007 0.009259 0.004712
0 0.448082 0.758805 0.007937 0.004216
0 0.541997 0.752976 0.005291 0.005456
0 0.557870 0.747148 0.005952 0.004216
0 0.538525 0.780258 0.005622 0.005952
0 0.560185 0.766865 0.006614 0.003968
0 0.555721 0.771205 0.006944 0.006696
0 0.596230 0.767361 0.005291 0.009921
0 0.571429 0.810020 0.008598 0.005456
0 0.608796 0.644345 0.006614 0.004960
0 0.649967 0.626984 0.004299 0.002976
0 0.607639 0.629960 0.005622 0.003968
0 0.596561 0.581225 0.005952 0.004712
0 0.714286 0.680556 0.007937 0.005456
0 0.740906 0.673487 0.006283 0.003720
0 0.736442 0.600942 0.005952 0.005456
0 0.752315 0.582093 0.006614 0.004464
0 0.731481 0.687872 0.010582 0.003720
0 0.404431 0.559648 0.005952 0.003720
0 0.446925 0.545511 0.003638 0.005208
0 0.558366 0.546627 0.007606 0.003472
0 0.623677 0.678571 0.005291 0.002976
0 0.482970 0.712302 0.005622 0.004960
0 0.632110 0.709201 0.005622 0.004216
0 0.296792 0.650918 0.006283 0.004216
