0 0.381283 0.589162 0.007937 0.004216
0 0.383929 0.520089 0.006614 0.005456
0 0.350860 0.498388 0.005952 0.005704
0 0.383433 0.491071 0.005622 0.004960
0 0.401786 0.484747 0.005952 0.004216
0 0.429233 0.518477 0.005291 0.003720
0 0.449405 0.592510 0.007275 0.005456
0 0.479497 0.530878 0.005952 0.006696
0 0.414187 0.641369 0.008267 0.005456
0 0.377149 0.664187 0.012235 0.005456
0 0.297950 0.645461 0.004630 0.004216
0 0.384425 0.609499 0.006944 0.004712
0 0.582011 0.544147 0.007275 0.009425
0 0.553075 0.553695 0.006944 0.006696
0 0.552745 0.531002 0.006283 0.003968
0 0.569775 0.545139 0.011243 0.003968
0 0.567956 0.464286 0.008267 0.003472
0 0.490575 0.465898 0.005622 0.003720
0 0.509755 0.444072 0.008267 0.006200
0 0.441303 0.657118 0.006283 0.006200
0 0.298776 0.715526 0.006283 0.008433
0 0.409557 0.688740 0.006283 0.005952
0 0.442295 0.704365 0.006944 0.005456
0 0.414848 0.711310 0.006944 0.005456
0 0.486111 0.669023 0.005291 0.005208
0 0.357143 0.767981 0.006614 0.010169
0 0.607639 0.644965 0.006944 0.005208
0 0.594411 0.582837 0.005622 0.004464
0 0.535714 0.750372 0.006614 0.005704
0 0.589782 0.776414 0.005622 0.006696
0 0.532407 0.779514 0.007937 0.005456
0 0.542493 0.770833 0.008929 0.006944
0 0.488757 0.793651 0.007275 0.006448
0 0.476521 0.813120 0.007275 0.005208
0 0.424438 0.767981 0.006944 0.004712
0 0.445933 0.755456 0.004960 0.003968
0 0.483962 0.706845 0.006283 0.004464
0 0.711971 0.678075 0.005952 0.004464
0 0.646329 0.625372 0.005622 0.004216
0 0.600694 0.626736 0.006944 0.003968
0 0.740575 0.583581 0.006283 0.003472
0 0.740906 0.598090 0.005622 0.004712
0 0.753803 0.655506 0.006283 0.005456
0 0.744874 0.677579 0.008267 0.003968
0 0.731481 0.690848 0.011243 0.004712
0 0.560681 0.769345 0.006283 0.003968
0 0.556052 0.745164 0.005622 0.004712
0 0.469577 0.777530 0.004630 0.003968
0 0.567956 0.820312 0.004960 0.004712
0 0.566303 0.811508 0.006283 0.005952
0 0.622851 0.680680 0.006944 0.003720
0 0.288690 0.576761 0.006614 0.004712
0 0.496362 0.487227 0.005952 0.006696
0 0.500992 0.485739 0.005952 0.003224
0 0.557540 0.490947 0.007275 0.003224
0 0.512566 0.560516 0.004630 0.005456
0 0.552745 0.575397 0.011574 0.004960
0 0.400298 0.558408 0.008929 0.003720
0 0.624835 0.709077 0.005622 0.003968
0 0.267361 0.675719 0.005622 0.004216
0 0.479497 0.579241 0.004630 0.005208
