0 0.366237 0.592882 0.008929 0.004712
0 0.384755 0.517485 0.006283 0.004216
0 0.423280 0.490823 0.005952 0.005456
0 0.374173 0.496652 0.004960 0.004712
0 0.312335 0.508681 0.004960 0.003968
0 0.454861 0.494296 0.004960 0.003968
0 0.472718 0.514881 0.004960 0.004960
0 0.478505 0.477183 0.004630 0.002976
0 0.395999 0.454117 0.004299 0.003472
0 0.528604 0.437252 0.004960 0.003968
0 0.501819 0.465526 0.004299 0.003472
0 0.442956 0.449529 0.006283 0.002728
0 0.515046 0.451141 0.003638 0.003968
0 0.507440 0.501984 0.004960 0.003472
0 0.534557 0.516245 0.005622 0.004216
0 0.490575 0.528398 0.004299 0.003224
0 0.593750 0.538442 0.005622 0.004960
0 0.549272 0.453497 0.003968 0.004712
0 0.578373 0.456969 0.007275 0.004216
0 0.557540 0.555432 0.006614 0.005208
0 0.508267 0.553695 0.007937 0.003720
0 0.450231 0.536458 0.004960 0.003968
0 0.497685 0.545387 0.003307 0.005456
0 0.501157 0.538442 0.004960 0.004464
0 0.422454 0.621528 0.006944 0.004464
0 0.423446 0.644469 0.004960 0.004712
0 0.413856 0.660590 0.004960 0.004712
0 0.390377 0.696801 0.012897 0.003720
0 0.411541 0.712302 0.004960 0.005456
0 0.488426 0.648686 0.005291 0.007192
0 0.449570 0.683284 0.005622 0.004464
0 0.438823 0.669643 0.005291 0.004464
0 0.436177 0.711682 0.005952 0.005208
0 0.426753 0.710193 0.006283 0.005704
0 0.420966 0.720238 0.007275 0.004464
0 0.296958 0.670759 0.004630 0.004216
0 0.311839 0.690724 0.005291 0.004960
0 0.350860 0.685392 0.005291 0.004216
0 0.560681 0.747892 0.004960 0.005704
0 0.489914 0.725446 0.004299 0.003968
0 0.551587 0.761533 0.005952 0.004216
0 0.549603 0.764385 0.006614 0.003472
0 0.488591 0.799107 0.004299 0.004464
0 0.510582 0.801835 0.009259 0.004464
0 0.546462 0.788194 0.006283 0.004464
0 0.574570 0.783110 0.005622 0.006696
0 0.603009 0.752976 0.005622 0.004960
0 0.607308 0.637029 0.006283 0.005208
0 0.619874 0.630828 0.004960 0.005208
0 0.657573 0.619172 0.004960 0.003720
0 0.603836 0.575397 0.005291 0.002976
0 0.497685 0.577629 0.007275 0.003472
0 0.723380 0.610987 0.007606 0.005208
0 0.758267 0.653770 0.005291 0.004464
0 0.724206 0.663194 0.005952 0.003472
0 0.624173 0.670263 0.004960 0.004216
0 0.716601 0.691840 0.006614 0.006200
0 0.729332 0.709077 0.006283 0.006944
0 0.735119 0.674851 0.007937 0.003472
0 0.681052 0.731771 0.007606 0.005208
0 0.552579 0.649058 0.006614 0.003968
0 0.457341 0.586930 0.007275 0.004216
0 0.638558 0.485739 0.005952 0.003224
0 0.649967 0.457217 0.005622 0.003720
