0 0.377149 0.590278 0.007606 0.004464
0 0.388393 0.514757 0.006283 0.004216
0 0.336475 0.496528 0.006283 0.003968
0 0.309028 0.506076 0.006283 0.003720
0 0.377976 0.488963 0.005291 0.004712
0 0.397487 0.469618 0.005291 0.004712
0 0.426422 0.503348 0.005622 0.005208
0 0.406746 0.627108 0.007275 0.005704
0 0.434854 0.606399 0.006614 0.005952
0 0.383763 0.678943 0.015542 0.004216
0 0.412368 0.650050 0.007937 0.005456
0 0.303571 0.703125 0.007937 0.006448
0 0.408896 0.698165 0.004960 0.004960
0 0.420470 0.698785 0.006283 0.004712
0 0.443948 0.703497 0.006283 0.004712
0 0.424934 0.715402 0.011905 0.004712
0 0.487434 0.659102 0.005952 0.008681
0 0.446098 0.671007 0.005291 0.005704
0 0.478340 0.522569 0.006283 0.004960
0 0.454365 0.502976 0.004630 0.003472
0 0.475860 0.467882 0.004630 0.004216
0 0.514385 0.442088 0.004960 0.003720
0 0.499669 0.476562 0.005291 0.004216
0 0.512070 0.527282 0.004960 0.004464
0 0.487599 0.525546 0.004299 0.003968
0 0.504134 0.551587 0.004960 0.005456
0 0.541997 0.546627 0.011905 0.003472
0 0.557870 0.551587 0.007275 0.003968
0 0.541667 0.522321 0.005291 0.005456
0 0.588790 0.545759 0.008929 0.005208
0 0.599206 0.578001 0.005952 0.004712
0 0.525959 0.576265 0.010251 0.004712
0 0.449239 0.588542 0.006283 0.005456
0 0.362103 0.774678 0.007275 0.008681
0 0.376653 0.723586 0.004630 0.005704
0 0.423942 0.787326 0.004630 0.004712
0 0.546131 0.755332 0.006944 0.005208
0 0.483300 0.716642 0.006283 0.004216
0 0.499173 0.819568 0.008267 0.006200
0 0.499669 0.797619 0.009259 0.005456
0 0.477348 0.790675 0.005622 0.004960
0 0.556052 0.763765 0.006944 0.004712
0 0.558036 0.747148 0.006283 0.004712
0 0.540509 0.782366 0.008929 0.005208
0 0.563657 0.773562 0.008267 0.006944
0 0.600198 0.762401 0.005952 0.007440
0 0.575728 0.808408 0.005291 0.005704
0 0.607970 0.640625 0.006283 0.005952
0 0.613261 0.629464 0.005622 0.003968
0 0.651620 0.623636 0.004960 0.003224
0 0.732474 0.602307 0.005952 0.005704
0 0.736111 0.667907 0.007937 0.004464
0 0.711971 0.682416 0.005952 0.006696
0 0.732970 0.681796 0.008929 0.003968
0 0.576720 0.459077 0.004630 0.003968
0 0.637731 0.481647 0.004299 0.004960
0 0.484458 0.583581 0.007275 0.004464
0 0.296627 0.657118 0.005291 0.004712
