0 0.326224 0.496528 0.006944 0.003968
0 0.311508 0.508061 0.005291 0.004216
0 0.387070 0.515129 0.005622 0.004464
0 0.375000 0.492188 0.005291 0.004216
0 0.397652 0.462550 0.006283 0.004464
0 0.424272 0.496776 0.005291 0.003968
0 0.453538 0.499132 0.005622 0.004216
0 0.450562 0.445933 0.006283 0.002976
0 0.475198 0.472966 0.003307 0.002976
0 0.501157 0.471478 0.004299 0.002976
0 0.520833 0.441096 0.004630 0.005208
0 0.475364 0.518849 0.006944 0.006448
0 0.501984 0.497644 0.003968 0.003224
0 0.580026 0.456969 0.007937 0.004216
0 0.553075 0.451017 0.005622 0.004216
0 0.638228 0.483383 0.003968 0.003968
0 0.557044 0.553199 0.006283 0.005704
0 0.537368 0.519097 0.005952 0.003968
0 0.488922 0.527158 0.004299 0.004216
0 0.500331 0.548487 0.003968 0.005704
0 0.507606 0.533730 0.003968 0.003968
0 0.524306 0.549231 0.010251 0.003720
0 0.590774 0.540675 0.007606 0.005456
0 0.372189 0.591146 0.006944 0.003720
0 0.418320 0.563244 0.007275 0.006944
0 0.447586 0.537574 0.004299 0.004216
0 0.509755 0.578001 0.010251 0.004216
0 0.413690 0.655506 0.005952 0.004960
0 0.416005 0.636657 0.006614 0.004960
0 0.427579 0.613839 0.007275 0.004960
0 0.319940 0.611731 0.004960 0.004216
0 0.328869 0.606771 0.006283 0.003720
0 0.297454 0.663070 0.004960 0.003720
0 0.311508 0.693948 0.005952 0.008433
0 0.352348 0.686012 0.006283 0.003968
0 0.388724 0.687624 0.014881 0.004712
0 0.410880 0.704737 0.005622 0.004712
0 0.381283 0.724206 0.004630 0.003968
0 0.439980 0.707589 0.007606 0.004464
0 0.423280 0.718130 0.007937 0.003720
0 0.424603 0.704117 0.005291 0.005952
0 0.449074 0.677703 0.006614 0.004712
0 0.435351 0.669891 0.004960 0.003968
0 0.488426 0.653894 0.005952 0.007192
0 0.486276 0.721106 0.005622 0.004712
0 0.454861 0.762649 0.004960 0.003472
0 0.425926 0.797619 0.005952 0.004960
0 0.485119 0.794271 0.005952 0.004216
0 0.506614 0.799727 0.009259 0.004216
0 0.560351 0.746404 0.005622 0.004216
0 0.547288 0.759425 0.006614 0.004464
0 0.552083 0.763021 0.006944 0.004216
0 0.543320 0.784970 0.006614 0.005456
0 0.568618 0.779390 0.008267 0.007192
0 0.600529 0.759549 0.006614 0.006200
0 0.607474 0.638889 0.008598 0.005952
0 0.623347 0.672867 0.005291 0.003968
0 0.732639 0.708705 0.005622 0.006200
0 0.711640 0.687872 0.006614 0.007192
0 0.729001 0.665675 0.007606 0.004960
0 0.733466 0.678075 0.009259 0.003472
0 0.758598 0.654390 0.005952 0.004712
0 0.653770 0.622272 0.005291 0.003968
0 0.618717 0.632440 0.005291 0.003968
0 0.729167 0.606895 0.005291 0.004464
0 0.602348 0.576637 0.005622 0.004464
0 0.554398 0.648934 0.006944 0.003720
