0 0.648934 0.608300 0.004216 0.009590
0 0.671503 0.560516 0.003720 0.005291
0 0.659846 0.563492 0.004216 0.003307
0 0.687872 0.572421 0.004216 0.005952
0 0.713418 0.556052 0.003224 0.004299
0 0.726438 0.583664 0.004464 0.009921
0 0.731151 0.574074 0.003968 0.007275
0 0.730035 0.585483 0.004216 0.007606
0 0.742684 0.593915 0.003720 0.005291
0 0.743552 0.614749 0.004464 0.005291
0 0.753844 0.532077 0.005208 0.005291
0 0.767857 0.571429 0.004464 0.005291
0 0.762525 0.386409 0.006696 0.006283
0 0.771329 0.381118 0.004464 0.007606
0 0.785342 0.406746 0.004216 0.005291
0 0.800347 0.411706 0.004960 0.005291
0 0.764013 0.440807 0.005208 0.003968
0 0.770833 0.454530 0.004464 0.005622
0 0.806052 0.454530 0.003472 0.006283
0 0.708953 0.382771 0.005208 0.008929
0 0.681176 0.376653 0.003720 0.005952
0 0.601811 0.294312 0.005208 0.007937
0 0.626860 0.327050 0.005208 0.006614
0 0.649802 0.306052 0.004464 0.006944
0 0.611111 0.366898 0.003968 0.007606
0 0.610615 0.403274 0.005456 0.004960
0 0.629464 0.398810 0.003968 0.005291
0 0.572669 0.382110 0.005456 0.004960
0 0.537326 0.411376 0.005208 0.009921
0 0.535838 0.426091 0.006200 0.006944
0 0.485615 0.370536 0.003472 0.003638
0 0.481647 0.479663 0.004960 0.004960
0 0.472842 0.545139 0.004216 0.005622
0 0.469246 0.530423 0.003968 0.009259
0 0.455605 0.570602 0.005456 0.007606
0 0.536458 0.551587 0.003968 0.007937
0 0.523934 0.515046 0.003720 0.005622
0 0.578125 0.599206 0.004464 0.008598
0 0.579737 0.666171 0.004712 0.009590
0 0.511409 0.636905 0.003968 0.008598
0 0.517857 0.629464 0.004960 0.006283
0 0.537450 0.700066 0.004464 0.005952
0 0.706473 0.688657 0.004216 0.006944
0 0.740823 0.678902 0.004960 0.005952
0 0.620660 0.519345 0.005208 0.005622
0 0.587922 0.523810 0.004712 0.005291
