0 0.531002 0.426257 0.006448 0.005291
0 0.538194 0.420635 0.005952 0.011905
0 0.577257 0.377646 0.004712 0.005291
0 0.610119 0.407903 0.006448 0.004960
0 0.618180 0.400298 0.002728 0.004960
0 0.606647 0.355820 0.004960 0.007275
0 0.628596 0.340608 0.004216 0.006614
0 0.602555 0.283730 0.004712 0.005952
0 0.648810 0.310847 0.003968 0.005291
0 0.664683 0.235780 0.005456 0.006614
0 0.624752 0.237103 0.003472 0.003968
0 0.677331 0.379795 0.004960 0.006283
0 0.703993 0.383598 0.004712 0.006614
0 0.764137 0.372189 0.006448 0.005622
0 0.768973 0.379134 0.004712 0.006283
0 0.780134 0.405258 0.003720 0.006944
0 0.776910 0.431878 0.005704 0.007275
0 0.774430 0.444444 0.004712 0.005291
0 0.801215 0.447255 0.005208 0.006944
0 0.808160 0.404431 0.005208 0.007275
0 0.716270 0.557374 0.004464 0.005622
0 0.697421 0.560020 0.003968 0.004960
0 0.727307 0.584160 0.004712 0.008267
0 0.740203 0.574239 0.004216 0.006944
0 0.745660 0.567626 0.005208 0.006283
0 0.748140 0.588624 0.004216 0.005291
0 0.740079 0.616402 0.004464 0.005291
0 0.759921 0.533234 0.005456 0.005622
0 0.785838 0.565642 0.005208 0.005622
0 0.678075 0.557209 0.003968 0.003968
0 0.647569 0.626653 0.004960 0.007275
0 0.716890 0.682209 0.005208 0.005291
0 0.741195 0.671296 0.004712 0.005291
0 0.746404 0.681713 0.003224 0.004960
0 0.574901 0.675595 0.004464 0.009259
0 0.561136 0.690972 0.005704 0.005622
0 0.576265 0.631283 0.004712 0.007275
0 0.509921 0.647156 0.006448 0.008598
0 0.519717 0.631118 0.004712 0.004960
0 0.469246 0.531581 0.003968 0.005622
0 0.475694 0.551257 0.003968 0.009259
0 0.527530 0.560681 0.004464 0.006944
0 0.518849 0.521825 0.003968 0.005291
0 0.491567 0.531746 0.005952 0.006614
0 0.468006 0.480489 0.004960 0.004630
0 0.452877 0.488922 0.004464 0.005622
0 0.518105 0.473380 0.004464 0.004960
0 0.481151 0.377646 0.004960 0.004630
0 0.614583 0.521495 0.004960 0.004630
0 0.599578 0.522487 0.004216 0.004630
