0 0.365245 0.591394 0.005622 0.004216
0 0.390873 0.515129 0.004630 0.004960
0 0.376157 0.501736 0.003638 0.003968
0 0.313657 0.508309 0.006283 0.003224
0 0.342593 0.488839 0.004630 0.002976
0 0.425265 0.484623 0.005291 0.004960
0 0.456019 0.487971 0.004630 0.003720
0 0.475694 0.507812 0.005622 0.005208
0 0.480820 0.480531 0.003968 0.002728
0 0.501819 0.459945 0.004299 0.003720
0 0.535053 0.431052 0.006614 0.005952
0 0.532903 0.512277 0.004960 0.003720
0 0.514220 0.504092 0.004630 0.005208
0 0.494709 0.555308 0.009259 0.003472
0 0.563492 0.554191 0.005291 0.004712
0 0.599537 0.534970 0.005952 0.004464
0 0.638393 0.485367 0.004960 0.003472
0 0.573743 0.455729 0.006614 0.003224
0 0.647817 0.454737 0.007275 0.003224
0 0.496693 0.536830 0.004630 0.003224
0 0.494213 0.540799 0.003638 0.004216
0 0.488757 0.576637 0.006614 0.003968
0 0.442791 0.571181 0.006614 0.004464
0 0.430060 0.650174 0.005622 0.004216
0 0.422950 0.628596 0.005952 0.004712
0 0.486607 0.643105 0.005622 0.005952
0 0.395503 0.703869 0.013228 0.004960
0 0.414683 0.665427 0.007275 0.004960
0 0.313988 0.689236 0.004960 0.004464
0 0.297123 0.675347 0.006944 0.003472
0 0.437169 0.714782 0.005952 0.004464
0 0.429563 0.714658 0.007275 0.004712
0 0.415013 0.717758 0.004630 0.003968
0 0.420966 0.721106 0.006614 0.003720
0 0.451554 0.687748 0.004960 0.003968
0 0.386078 0.730531 0.004960 0.003720
0 0.347553 0.719494 0.004630 0.002976
0 0.495205 0.730779 0.004960 0.004712
0 0.518353 0.800967 0.008267 0.003720
0 0.492560 0.799975 0.005622 0.005704
0 0.549107 0.763641 0.004960 0.004464
0 0.561508 0.747892 0.005291 0.006200
0 0.561343 0.761409 0.006944 0.005456
0 0.609954 0.743924 0.006944 0.005208
0 0.552745 0.787202 0.006944 0.006448
0 0.583829 0.783358 0.008267 0.006696
0 0.583333 0.806052 0.005291 0.003472
0 0.677910 0.719866 0.005952 0.004216
0 0.626653 0.667783 0.004630 0.003224
0 0.609458 0.633185 0.007275 0.004464
0 0.621362 0.627852 0.005291 0.003720
0 0.663525 0.616567 0.004960 0.002480
0 0.719246 0.613591 0.007937 0.004960
0 0.722553 0.659722 0.005952 0.003472
0 0.762070 0.651290 0.005622 0.004960
0 0.729167 0.691468 0.006614 0.005456
0 0.735450 0.671875 0.007275 0.003968
0 0.728175 0.708085 0.005291 0.005952
0 0.607143 0.574405 0.005291 0.003472
0 0.611938 0.552331 0.004299 0.004464
0 0.557044 0.483011 0.006944 0.004216
0 0.554398 0.650174 0.006283 0.004216
0 0.502811 0.591890 0.005622 0.003720
0 0.458829 0.586062 0.006283 0.003968
0 0.438161 0.690476 0.004630 0.006448
0 0.443948 0.541047 0.005622 0.003224
0 0.453538 0.534474 0.003638 0.004464
0 0.489749 0.528894 0.003968 0.002728
