0 0.377811 0.586558 0.006283 0.003968
0 0.358466 0.591518 0.007275 0.004464
0 0.362765 0.650794 0.014550 0.005456
0 0.407242 0.632440 0.009590 0.004464
0 0.394676 0.706969 0.008267 0.004712
0 0.391865 0.676091 0.006614 0.004464
0 0.435681 0.710565 0.007606 0.006944
0 0.353836 0.764137 0.009259 0.009425
0 0.282077 0.702629 0.006614 0.005456
0 0.450066 0.802827 0.006614 0.005952
0 0.432209 0.644221 0.005952 0.009177
0 0.404597 0.678943 0.006283 0.004216
0 0.421462 0.659970 0.006283 0.003472
0 0.478671 0.674975 0.006283 0.007688
0 0.485119 0.695933 0.007275 0.005456
0 0.424107 0.750124 0.004960 0.004216
0 0.522487 0.741319 0.006614 0.005456
0 0.516038 0.768973 0.009590 0.008185
0 0.516038 0.778770 0.008267 0.005456
0 0.552579 0.773810 0.005291 0.004960
0 0.576058 0.791915 0.006614 0.007440
0 0.476687 0.790303 0.008267 0.004216
0 0.551257 0.743180 0.005291 0.004712
0 0.375496 0.530258 0.005622 0.003968
0 0.357143 0.499752 0.006614 0.004960
0 0.382440 0.495040 0.005622 0.005952
0 0.393022 0.494048 0.006283 0.005456
0 0.424603 0.530134 0.010582 0.005208
0 0.445106 0.523562 0.005291 0.005456
0 0.471892 0.536830 0.007275 0.005208
0 0.492890 0.467138 0.004960 0.004216
0 0.559028 0.462674 0.006283 0.004712
0 0.557870 0.439112 0.007275 0.004216
0 0.425595 0.447297 0.005291 0.004712
0 0.516534 0.439112 0.008598 0.004216
0 0.653439 0.485739 0.008598 0.006200
0 0.541997 0.555680 0.007937 0.006696
0 0.558697 0.542163 0.005622 0.003968
0 0.572090 0.535838 0.007275 0.007192
0 0.588294 0.538814 0.010582 0.005208
0 0.523313 0.515501 0.004960 0.004216
0 0.495205 0.479911 0.005622 0.005456
0 0.446925 0.580109 0.008929 0.005952
0 0.506779 0.568204 0.005622 0.005952
0 0.565311 0.574777 0.009590 0.004712
0 0.712467 0.585689 0.008929 0.004712
0 0.626653 0.622892 0.007275 0.004712
0 0.601687 0.651538 0.006283 0.005456
0 0.590774 0.587178 0.005622 0.004216
0 0.698909 0.671627 0.006944 0.005456
0 0.737765 0.659350 0.007937 0.006200
0 0.722222 0.706721 0.007275 0.004712
0 0.728836 0.699157 0.011243 0.003968
0 0.747851 0.688740 0.008929 0.004960
0 0.614914 0.685144 0.005622 0.005208
0 0.612765 0.706721 0.006614 0.004712
0 0.463459 0.764881 0.006283 0.005456
0 0.542989 0.815228 0.006614 0.005456
0 0.561673 0.815352 0.006283 0.004712
0 0.292328 0.634921 0.007275 0.003968
0 0.629795 0.556672 0.006283 0.003720
0 0.580688 0.627108 0.007937 0.004712
0 0.474206 0.499504 0.007937 0.003968
0 0.367560 0.721354 0.006283 0.004216
