0 0.426587 0.594866 0.007275 0.007688
0 0.397156 0.678819 0.005952 0.005952
0 0.413029 0.638765 0.005952 0.007192
0 0.458664 0.605903 0.008598 0.004960
0 0.524967 0.573909 0.008267 0.004960
0 0.425761 0.556796 0.006283 0.004464
0 0.383433 0.511533 0.006283 0.004712
0 0.337302 0.536210 0.008598 0.004464
0 0.510747 0.533606 0.006283 0.006200
0 0.581515 0.539559 0.010913 0.005208
0 0.434028 0.700893 0.005622 0.004464
0 0.437831 0.715030 0.005952 0.007937
0 0.425099 0.723214 0.004960 0.007937
0 0.491402 0.716146 0.006614 0.006200
0 0.387566 0.744792 0.007275 0.004960
0 0.420304 0.464658 0.006614 0.006200
0 0.408730 0.488839 0.005952 0.003472
0 0.572917 0.480283 0.006944 0.005208
0 0.495536 0.435020 0.007606 0.002976
0 0.514220 0.447049 0.006614 0.004712
0 0.540675 0.455481 0.005291 0.003720
0 0.609458 0.468130 0.010582 0.003720
0 0.604993 0.455481 0.010251 0.005208
0 0.654431 0.495164 0.007275 0.005704
0 0.667824 0.497768 0.006283 0.005952
0 0.693783 0.505828 0.007275 0.005704
0 0.699405 0.544643 0.007275 0.004960
0 0.631614 0.539311 0.005952 0.006200
0 0.612765 0.605655 0.007275 0.004960
0 0.544643 0.606771 0.006614 0.004216
0 0.577877 0.609127 0.004299 0.004464
0 0.528604 0.636905 0.005622 0.004960
0 0.567626 0.729291 0.004960 0.007192
0 0.483135 0.648313 0.004630 0.003968
0 0.424107 0.648810 0.004960 0.003472
0 0.448413 0.668403 0.005291 0.003968
0 0.546296 0.663690 0.007275 0.003968
0 0.613261 0.700397 0.007606 0.005952
0 0.507275 0.697545 0.010582 0.005704
0 0.511739 0.726935 0.005622 0.007440
0 0.412698 0.690352 0.005291 0.004712
0 0.724372 0.697669 0.005622 0.007440
0 0.511243 0.749256 0.005291 0.004464
0 0.536376 0.785714 0.005952 0.005456
0 0.652116 0.756572 0.005291 0.005208
0 0.631779 0.739459 0.007606 0.003720
0 0.345734 0.593750 0.004960 0.006448
0 0.333003 0.556176 0.003968 0.003720
0 0.409226 0.541667 0.004960 0.004960
0 0.491567 0.562252 0.005622 0.005456
0 0.551587 0.578869 0.004630 0.004464
0 0.438492 0.557912 0.004630 0.003224
0 0.403108 0.447917 0.010582 0.003968
0 0.648313 0.583085 0.006283 0.004464
0 0.605489 0.591394 0.005952 0.005208
0 0.715443 0.578249 0.005622 0.005208
0 0.465608 0.496404 0.006614 0.003224
0 0.660714 0.638641 0.005952 0.004960
0 0.472057 0.701141 0.004960 0.004960
0 0.427579 0.585938 0.004630 0.004216
0 0.367890 0.571429 0.003638 0.003968
0 0.306217 0.597842 0.003968 0.004216
0 0.655258 0.562624 0.007606 0.004712
0 0.610284 0.507812 0.006283 0.005704
