0 0.571925 0.570437 0.003968 0.007937
0 0.544643 0.547123 0.003472 0.006944
0 0.459077 0.557374 0.004960 0.005622
0 0.475694 0.549107 0.003968 0.005622
0 0.471354 0.524636 0.003720 0.006944
0 0.492063 0.481316 0.004464 0.005622
0 0.539807 0.436673 0.005704 0.006944
0 0.533482 0.413029 0.004464 0.009921
0 0.526166 0.474868 0.002728 0.003307
0 0.584449 0.663525 0.005208 0.009590
0 0.510417 0.633102 0.003968 0.007606
0 0.517113 0.631448 0.004960 0.004960
0 0.650050 0.593089 0.004464 0.009590
0 0.680308 0.579034 0.004464 0.005952
0 0.665923 0.564319 0.004464 0.005622
0 0.699529 0.692956 0.003720 0.004960
0 0.708581 0.553406 0.003968 0.005622
0 0.724082 0.581680 0.004216 0.008598
0 0.726811 0.588955 0.005704 0.010582
0 0.722098 0.602844 0.006200 0.005291
0 0.735243 0.599702 0.003720 0.005622
0 0.744420 0.614583 0.004216 0.005622
0 0.750620 0.575728 0.004712 0.005291
0 0.748140 0.528935 0.004216 0.006283
0 0.659970 0.560681 0.003472 0.004960
0 0.766493 0.462963 0.005208 0.005291
0 0.754960 0.441634 0.005952 0.006283
0 0.760293 0.410549 0.007688 0.007606
0 0.771453 0.390873 0.005208 0.007275
0 0.790551 0.413856 0.004216 0.004299
0 0.792659 0.426587 0.005456 0.007275
0 0.804688 0.464616 0.004216 0.005952
0 0.714162 0.388062 0.007192 0.007606
0 0.707093 0.277612 0.005456 0.008929
0 0.673983 0.251157 0.006696 0.005622
0 0.634797 0.247024 0.005208 0.005291
0 0.649306 0.305556 0.005456 0.004630
0 0.613715 0.402282 0.006200 0.005622
0 0.614087 0.378307 0.004464 0.008598
0 0.569320 0.388724 0.006696 0.006283
0 0.642361 0.392030 0.003472 0.006283
0 0.621280 0.318452 0.005952 0.005952
0 0.604539 0.311177 0.004712 0.006614
0 0.515873 0.483466 0.003968 0.005291
0 0.626860 0.519511 0.005704 0.007275
0 0.686012 0.383267 0.004464 0.007275
0 0.655630 0.282077 0.005208 0.006614
0 0.527530 0.515377 0.005952 0.007606
0 0.457341 0.472553 0.002480 0.003968
0 0.481895 0.366567 0.003968 0.005622
