0 0.391534 0.642981 0.005291 0.004712
0 0.396660 0.651786 0.008929 0.004464
0 0.427579 0.623388 0.007937 0.004216
0 0.392030 0.691096 0.006283 0.006696
0 0.487269 0.674975 0.006944 0.005208
0 0.609623 0.669519 0.005622 0.005208
0 0.399967 0.732391 0.008267 0.007440
0 0.467923 0.718254 0.006614 0.004960
0 0.515212 0.536334 0.005952 0.005208
0 0.430060 0.572793 0.008929 0.004712
0 0.533234 0.504092 0.009590 0.005704
0 0.326720 0.494668 0.007937 0.004216
0 0.339947 0.503348 0.005952 0.008185
0 0.490575 0.597966 0.005622 0.005456
0 0.507440 0.578249 0.006283 0.004712
0 0.637070 0.501240 0.006944 0.005456
0 0.674769 0.478919 0.006944 0.003472
0 0.656085 0.568700 0.007275 0.004960
0 0.665179 0.556920 0.006283 0.005208
0 0.708995 0.530134 0.007937 0.005208
0 0.709491 0.520461 0.006944 0.004712
0 0.683366 0.506448 0.008267 0.004960
0 0.721726 0.581845 0.006283 0.003968
0 0.507110 0.737723 0.008267 0.004712
0 0.503472 0.700769 0.006283 0.006200
0 0.532242 0.713914 0.004960 0.005704
0 0.466601 0.758433 0.005291 0.004960
0 0.538194 0.753472 0.006944 0.007937
0 0.551422 0.756820 0.005622 0.005208
0 0.633102 0.693452 0.006283 0.004960
0 0.715774 0.692832 0.005622 0.004712
0 0.314649 0.550471 0.008929 0.004712
0 0.347222 0.577009 0.004630 0.005208
0 0.438657 0.597222 0.006944 0.003968
0 0.450893 0.589286 0.004960 0.003968
0 0.416997 0.769469 0.006614 0.005208
0 0.635417 0.768105 0.006944 0.005456
0 0.533896 0.735119 0.006283 0.005952
0 0.374504 0.505208 0.004960 0.003472
0 0.380787 0.508185 0.005622 0.003968
0 0.407903 0.491939 0.006283 0.004216
0 0.446759 0.485987 0.005291 0.005704
0 0.466931 0.466890 0.005952 0.004712
0 0.510417 0.429936 0.006944 0.004712
0 0.503968 0.421131 0.008598 0.003968
0 0.430556 0.524554 0.002646 0.003472
0 0.425926 0.535218 0.006614 0.003472
0 0.563823 0.515873 0.007275 0.004960
0 0.626653 0.443700 0.005291 0.003968
0 0.553241 0.607887 0.005291 0.003968
0 0.624339 0.549355 0.004630 0.005952
0 0.490575 0.467758 0.005622 0.003968
0 0.446429 0.464038 0.007937 0.003968
0 0.427910 0.667039 0.005291 0.005208
0 0.452050 0.656870 0.005291 0.004216
0 0.514881 0.609623 0.003968 0.004464
0 0.524306 0.526538 0.004299 0.003472
0 0.448247 0.674975 0.006283 0.004216
