0 0.370205 0.561880 0.004299 0.006200
0 0.402778 0.542535 0.004630 0.004216
0 0.347057 0.511533 0.003638 0.002232
0 0.352183 0.511409 0.005291 0.004464
0 0.407077 0.488715 0.005952 0.003224
0 0.409226 0.491319 0.004299 0.003968
0 0.414352 0.455233 0.005952 0.003224
0 0.433697 0.453745 0.005622 0.003720
0 0.307705 0.576761 0.006283 0.007688
0 0.379960 0.580977 0.009259 0.003224
0 0.326389 0.618180 0.007275 0.003720
0 0.373843 0.644593 0.005622 0.005456
0 0.428075 0.582341 0.006283 0.003472
0 0.458333 0.580357 0.005952 0.003968
0 0.484788 0.540303 0.005291 0.005208
0 0.491898 0.532614 0.004960 0.003720
0 0.504134 0.520957 0.004960 0.003720
0 0.432374 0.482019 0.004960 0.003720
0 0.399140 0.515873 0.004630 0.002976
0 0.609788 0.496652 0.007275 0.004712
0 0.653604 0.478547 0.004960 0.003224
0 0.643353 0.456845 0.005622 0.004960
0 0.548115 0.448661 0.006283 0.004960
0 0.581349 0.467138 0.005291 0.004712
0 0.581349 0.473586 0.007275 0.004216
0 0.543485 0.467882 0.005622 0.004216
0 0.406250 0.611855 0.005622 0.005456
0 0.354001 0.679936 0.012235 0.004712
0 0.372024 0.688988 0.005291 0.004960
0 0.455357 0.708581 0.006614 0.006448
0 0.489583 0.692708 0.006944 0.005952
0 0.525298 0.713170 0.006944 0.004712
0 0.482474 0.719246 0.005291 0.003968
0 0.566964 0.683036 0.006944 0.004464
0 0.632771 0.688616 0.007606 0.006696
0 0.699074 0.607639 0.007937 0.003968
0 0.693452 0.555928 0.005952 0.005704
0 0.640708 0.562624 0.006283 0.004216
0 0.625165 0.545883 0.006283 0.005456
0 0.646329 0.517857 0.010251 0.004464
0 0.648479 0.522941 0.007275 0.003720
0 0.486938 0.599578 0.004960 0.006200
0 0.519511 0.607391 0.006614 0.005456
0 0.590608 0.570188 0.006614 0.004464
0 0.612765 0.593130 0.005952 0.003720
0 0.522156 0.624504 0.005952 0.003472
0 0.437169 0.669891 0.007275 0.004464
0 0.587136 0.666791 0.005622 0.003720
0 0.593750 0.666419 0.004960 0.003968
0 0.411872 0.703125 0.005622 0.005952
0 0.405093 0.743676 0.007937 0.004216
0 0.398644 0.779886 0.006283 0.004216
0 0.460979 0.779638 0.005952 0.004712
0 0.518188 0.746652 0.003968 0.005208
0 0.521495 0.750868 0.004630 0.004712
0 0.531581 0.756448 0.004960 0.004960
0 0.538029 0.780630 0.007937 0.007192
0 0.594411 0.771825 0.006283 0.004464
0 0.701224 0.718130 0.004960 0.004712
0 0.716601 0.703745 0.006614 0.005704
0 0.402778 0.604043 0.005291 0.003224
0 0.400628 0.640253 0.005622 0.003720
0 0.439319 0.658110 0.007606 0.004712
0 0.371858 0.488591 0.004960 0.003968
0 0.343254 0.741319 0.005952 0.005456
0 0.275132 0.563864 0.007275 0.005208
0 0.286376 0.566468 0.007275 0.005456
