0 0.508929 0.530134 0.009259 0.006696
0 0.423446 0.562004 0.005622 0.005456
0 0.338790 0.539559 0.010251 0.003720
0 0.336475 0.585689 0.004960 0.007192
0 0.420966 0.590898 0.006614 0.005704
0 0.467427 0.608507 0.007606 0.004216
0 0.528439 0.572421 0.008598 0.004960
0 0.584491 0.540179 0.007606 0.004464
0 0.624008 0.543651 0.007937 0.007440
0 0.653108 0.499380 0.008598 0.006200
0 0.671792 0.495660 0.007606 0.006200
0 0.689815 0.502852 0.007275 0.005208
0 0.695437 0.545263 0.005952 0.004216
0 0.555556 0.609871 0.006614 0.003968
0 0.520007 0.647445 0.005622 0.004712
0 0.478175 0.652406 0.005291 0.004712
0 0.553571 0.669271 0.007937 0.005208
0 0.604828 0.611359 0.006614 0.004464
0 0.441799 0.558408 0.004630 0.002728
0 0.427249 0.585689 0.003968 0.003224
0 0.517692 0.540055 0.004960 0.005208
0 0.639054 0.586930 0.008267 0.004712
0 0.582837 0.608135 0.004960 0.005456
0 0.550761 0.587178 0.006283 0.003224
0 0.563988 0.567336 0.004960 0.003720
0 0.601687 0.597098 0.006283 0.004712
0 0.373016 0.513765 0.007275 0.003720
0 0.411706 0.547867 0.004630 0.004960
0 0.413029 0.496900 0.004630 0.004712
0 0.407573 0.468006 0.005622 0.006448
0 0.408896 0.452753 0.011574 0.003720
0 0.496858 0.440972 0.005622 0.003968
0 0.498347 0.449157 0.010582 0.003968
0 0.540179 0.456473 0.006944 0.005208
0 0.578373 0.482019 0.007937 0.004712
0 0.619874 0.465030 0.012897 0.003968
0 0.612103 0.448661 0.005952 0.005952
0 0.633433 0.471230 0.004299 0.003472
0 0.393684 0.676463 0.007606 0.004712
0 0.407903 0.636409 0.006283 0.005952
0 0.410714 0.690228 0.005291 0.004960
0 0.422454 0.693948 0.005622 0.004960
0 0.443122 0.668651 0.005952 0.004960
0 0.414021 0.718130 0.007275 0.006696
0 0.426753 0.720486 0.006283 0.004960
0 0.377976 0.744916 0.007275 0.004712
0 0.386409 0.741567 0.004299 0.004464
0 0.485615 0.714658 0.004299 0.005208
0 0.508433 0.693824 0.006283 0.004712
0 0.507771 0.726314 0.005622 0.006696
0 0.555390 0.735367 0.008267 0.012401
0 0.523644 0.788442 0.006944 0.005456
0 0.508267 0.754836 0.005291 0.004216
0 0.605985 0.707465 0.004960 0.006200
0 0.647156 0.758929 0.005952 0.004464
0 0.721230 0.704241 0.007275 0.007192
0 0.773975 0.611111 0.008267 0.004464
0 0.715443 0.573041 0.004960 0.002728
0 0.656250 0.568452 0.005622 0.003968
0 0.465774 0.501116 0.005622 0.002728
0 0.338624 0.524306 0.003968 0.004960
0 0.496528 0.561260 0.004299 0.002976
0 0.479497 0.632316 0.004630 0.003720
0 0.295470 0.697049 0.006283 0.004216
0 0.636409 0.747148 0.006944 0.004712
