0 0.344081 0.582465 0.006944 0.004216
0 0.376323 0.585317 0.007275 0.003968
0 0.353505 0.643849 0.011905 0.004960
0 0.405093 0.627108 0.007937 0.005704
0 0.423776 0.636161 0.005622 0.006448
0 0.286045 0.629960 0.007275 0.005456
0 0.376653 0.535218 0.005952 0.004464
0 0.358300 0.499380 0.006944 0.005208
0 0.381944 0.498140 0.004630 0.005208
0 0.388724 0.497148 0.005622 0.004712
0 0.422784 0.534350 0.006944 0.005208
0 0.436012 0.526910 0.005622 0.003720
0 0.468419 0.537822 0.005622 0.004712
0 0.443287 0.573785 0.006944 0.006696
0 0.381944 0.668279 0.004630 0.004216
0 0.284226 0.694444 0.007606 0.003968
0 0.385582 0.703001 0.007937 0.004712
0 0.470899 0.679688 0.007275 0.004216
0 0.434028 0.712426 0.009590 0.006696
0 0.353340 0.758061 0.008267 0.008185
0 0.520172 0.734375 0.006614 0.005952
0 0.487103 0.688492 0.006614 0.005456
0 0.398479 0.673115 0.005291 0.003968
0 0.540509 0.556548 0.008929 0.007440
0 0.423776 0.450273 0.005622 0.004712
0 0.557374 0.442336 0.008267 0.004216
0 0.647652 0.489087 0.009590 0.005952
0 0.559028 0.461806 0.008267 0.003968
0 0.490245 0.469494 0.006283 0.003472
0 0.488095 0.492560 0.005291 0.003968
0 0.571759 0.534350 0.007937 0.005208
0 0.594907 0.533110 0.007937 0.006200
0 0.559854 0.546627 0.004630 0.004464
0 0.499835 0.572173 0.006283 0.005952
0 0.569775 0.576513 0.007937 0.003720
0 0.584987 0.587550 0.006614 0.004464
0 0.703042 0.585689 0.007937 0.004712
0 0.597222 0.653398 0.005291 0.004712
0 0.693783 0.667287 0.005291 0.005704
0 0.731978 0.660838 0.007606 0.005208
0 0.741898 0.596106 0.005622 0.004712
0 0.569610 0.626612 0.006283 0.005208
0 0.520337 0.512277 0.006944 0.004712
0 0.497851 0.478671 0.004960 0.003968
0 0.473545 0.527778 0.005291 0.004464
0 0.419808 0.741071 0.006283 0.004464
0 0.434028 0.752852 0.006283 0.004216
0 0.458003 0.759797 0.005952 0.004712
0 0.436839 0.796503 0.007275 0.004712
0 0.470073 0.789062 0.005622 0.005208
0 0.509425 0.764881 0.006944 0.007937
0 0.509259 0.777530 0.007275 0.005456
0 0.544478 0.775174 0.006283 0.005704
0 0.574735 0.796999 0.007275 0.008185
0 0.543320 0.740699 0.005291 0.005208
0 0.606481 0.685020 0.004630 0.003968
0 0.708003 0.709697 0.010582 0.004712
0 0.722222 0.700521 0.009259 0.005208
0 0.614914 0.621900 0.007606 0.004712
0 0.527447 0.816096 0.007275 0.003720
