0 0.372189 0.585689 0.006283 0.004712
0 0.390212 0.551587 0.007937 0.007937
0 0.399140 0.622396 0.006614 0.004712
0 0.426422 0.607887 0.005622 0.006944
0 0.425926 0.565104 0.006614 0.004216
0 0.435516 0.563740 0.007937 0.005456
0 0.466601 0.535218 0.008598 0.004464
0 0.414187 0.685640 0.006283 0.008185
0 0.389550 0.675719 0.005291 0.006696
0 0.447090 0.671627 0.007275 0.007937
0 0.527612 0.684028 0.011574 0.007440
0 0.418485 0.737599 0.008929 0.004464
0 0.478671 0.738839 0.006283 0.005456
0 0.561839 0.781126 0.005952 0.006200
0 0.575893 0.749008 0.006283 0.004960
0 0.621858 0.779018 0.008929 0.005456
0 0.595238 0.642857 0.009259 0.007937
0 0.500165 0.635293 0.008267 0.004712
0 0.502149 0.571429 0.006944 0.003472
0 0.537533 0.576885 0.006283 0.004464
0 0.514550 0.515501 0.007937 0.004216
0 0.549603 0.527778 0.005291 0.004464
0 0.612765 0.470114 0.007937 0.006200
0 0.602017 0.419767 0.009590 0.008681
0 0.624835 0.486483 0.006944 0.004712
0 0.655258 0.466022 0.006944 0.003968
0 0.713955 0.468130 0.007275 0.006200
0 0.631448 0.576265 0.007606 0.006696
0 0.680225 0.590650 0.009259 0.006696
0 0.664352 0.604291 0.007937 0.005704
0 0.719907 0.571181 0.004630 0.006448
0 0.734623 0.581101 0.010913 0.005456
0 0.742063 0.497024 0.004630 0.003472
0 0.701224 0.479167 0.006283 0.003968
0 0.641534 0.686632 0.007275 0.008681
0 0.723710 0.632068 0.008929 0.006696
0 0.733962 0.745660 0.006283 0.004712
0 0.688327 0.688988 0.006944 0.005456
0 0.776124 0.669519 0.006614 0.005208
