0 0.329696 0.558036 0.011243 0.006448
0 0.324735 0.595238 0.012566 0.004960
0 0.314484 0.619420 0.006614 0.004712
0 0.329034 0.630084 0.011243 0.006696
0 0.350033 0.656250 0.011574 0.006448
0 0.386905 0.620040 0.009259 0.004960
0 0.356647 0.715030 0.007606 0.007937
0 0.404597 0.638517 0.006283 0.005704
0 0.445106 0.708705 0.007275 0.007688
0 0.430225 0.502108 0.007275 0.005208
0 0.409226 0.530878 0.006944 0.007688
0 0.508433 0.502852 0.006944 0.004712
0 0.526290 0.475942 0.006283 0.007937
0 0.547288 0.459945 0.011905 0.006200
0 0.571098 0.481275 0.011243 0.004712
0 0.506448 0.544271 0.006283 0.006200
0 0.458995 0.589906 0.011243 0.005704
0 0.537533 0.511905 0.006283 0.004960
0 0.458829 0.562500 0.007606 0.007937
0 0.589616 0.517485 0.007937 0.006200
0 0.616071 0.472098 0.007275 0.005208
0 0.499173 0.647569 0.009590 0.006944
0 0.524967 0.584449 0.007606 0.005208
0 0.522321 0.634053 0.006944 0.005208
0 0.594081 0.615823 0.006944 0.005952
0 0.552745 0.645709 0.006944 0.005208
0 0.632771 0.596850 0.006944 0.007688
0 0.660053 0.532490 0.009259 0.004960
0 0.669974 0.541171 0.010582 0.004464
0 0.701389 0.562252 0.010582 0.005456
0 0.481978 0.765129 0.007606 0.006944
0 0.383763 0.769345 0.008267 0.008929
0 0.641038 0.715526 0.008929 0.005952
0 0.623512 0.716270 0.006283 0.008433
0 0.725198 0.657242 0.009921 0.006448
0 0.750827 0.656746 0.017526 0.005456
0 0.712136 0.504836 0.007606 0.005208
0 0.655919 0.485987 0.006283 0.004712
0 0.543485 0.803571 0.006944 0.007937
