0 0.332341 0.585069 0.008598 0.006944
0 0.333333 0.593378 0.010582 0.005208
0 0.372685 0.628844 0.006614 0.004712
0 0.428902 0.618800 0.005952 0.004464
0 0.444279 0.617188 0.005622 0.005704
0 0.458829 0.662574 0.007606 0.006200
0 0.511905 0.599454 0.012566 0.004960
0 0.507771 0.612475 0.006944 0.005704
0 0.615741 0.595734 0.009259 0.004464
0 0.636905 0.541543 0.008598 0.006200
0 0.422784 0.522817 0.005622 0.006448
0 0.338624 0.514509 0.008598 0.007192
0 0.459987 0.445561 0.008598 0.005704
0 0.531085 0.460938 0.005291 0.004712
0 0.577546 0.455729 0.006944 0.003720
0 0.530589 0.490451 0.013558 0.005208
0 0.539187 0.479663 0.008929 0.003968
0 0.564815 0.480903 0.005952 0.006448
0 0.557705 0.530134 0.006283 0.003720
0 0.653108 0.548983 0.008598 0.004712
0 0.622354 0.575273 0.006614 0.008185
0 0.579034 0.613839 0.009259 0.004464
0 0.558532 0.631200 0.005952 0.006448
0 0.684358 0.543031 0.006944 0.005208
0 0.740906 0.543651 0.007606 0.003968
0 0.651290 0.502232 0.004960 0.004464
0 0.660714 0.463170 0.008598 0.005704
0 0.753638 0.535466 0.005952 0.005456
0 0.611276 0.520709 0.006283 0.007192
0 0.381779 0.738219 0.007606 0.006200
0 0.493056 0.758929 0.005291 0.007440
0 0.630787 0.699405 0.008929 0.009921
0 0.649967 0.758557 0.011574 0.005704
0 0.646825 0.690848 0.005952 0.005704
0 0.709656 0.687996 0.009921 0.003968
0 0.337798 0.712054 0.007606 0.007440
0 0.492229 0.550099 0.006944 0.006448
0 0.382771 0.485987 0.007606 0.005704
0 0.507937 0.689236 0.007937 0.005952
0 0.570933 0.700025 0.008267 0.007192
0 0.413360 0.650670 0.005952 0.004712
0 0.449901 0.548487 0.006944 0.005208
0 0.704200 0.553199 0.007606 0.004216
0 0.678737 0.471850 0.005622 0.004712
