0 0.558160 0.650794 0.005208 0.006614
0 0.545883 0.683036 0.006448 0.009590
0 0.603423 0.640708 0.004464 0.008929
0 0.569196 0.484458 0.004960 0.011243
0 0.576513 0.516204 0.004216 0.005291
0 0.608755 0.541667 0.004712 0.005291
0 0.620040 0.534888 0.004960 0.005622
0 0.730035 0.517196 0.005704 0.005952
0 0.673239 0.425761 0.005704 0.006283
0 0.668899 0.318618 0.005456 0.007606
0 0.691220 0.355159 0.004960 0.007937
0 0.591270 0.343585 0.004464 0.005952
0 0.567708 0.376653 0.004464 0.006614
0 0.546875 0.225364 0.005456 0.006944
0 0.529142 0.268519 0.006696 0.006614
0 0.483259 0.319610 0.004712 0.006944
0 0.518353 0.376819 0.005952 0.006283
0 0.509053 0.396991 0.005704 0.006283
0 0.530258 0.407573 0.004960 0.005622
0 0.507316 0.403274 0.006696 0.005622
0 0.437128 0.412368 0.004712 0.006614
0 0.422619 0.440642 0.005456 0.008267
0 0.439236 0.453208 0.005456 0.008267
0 0.456721 0.509425 0.005704 0.008267
0 0.493180 0.541171 0.004712 0.006944
0 0.488963 0.608962 0.007192 0.005622
0 0.608383 0.424438 0.003472 0.005622
0 0.605283 0.435020 0.004216 0.005622
0 0.509425 0.507606 0.004960 0.005952
0 0.522073 0.527612 0.004464 0.005622
0 0.531002 0.464451 0.005952 0.008267
0 0.622148 0.551918 0.005704 0.005952
