0 0.403770 0.448909 0.004960 0.005622
0 0.429315 0.414352 0.007937 0.008598
0 0.449157 0.395503 0.004960 0.007275
0 0.459325 0.413856 0.004464 0.006283
0 0.467138 0.424769 0.003720 0.006283
0 0.479291 0.437831 0.004712 0.005952
0 0.517113 0.658069 0.004464 0.005291
0 0.564608 0.668651 0.004216 0.007275
0 0.530754 0.523810 0.003472 0.005952
0 0.551835 0.563823 0.004960 0.005291
0 0.437872 0.550265 0.003720 0.005952
0 0.502232 0.481978 0.004464 0.007606
0 0.510293 0.244048 0.004712 0.006614
0 0.508929 0.257440 0.005952 0.008267
0 0.538442 0.338790 0.004960 0.007606
0 0.530754 0.365245 0.003968 0.006944
0 0.594990 0.520007 0.003968 0.006944
0 0.620164 0.499339 0.004712 0.011243
0 0.674727 0.540675 0.004712 0.005952
0 0.573785 0.436343 0.004712 0.004299
0 0.612351 0.412864 0.003968 0.005622
0 0.634549 0.396991 0.004712 0.008267
0 0.637897 0.286706 0.003968 0.005952
