0 0.536872 0.469990 0.007606 0.006448
0 0.339120 0.550843 0.010251 0.006944
0 0.440807 0.492436 0.007275 0.005704
0 0.337963 0.622396 0.012566 0.005208
0 0.324735 0.615079 0.005952 0.005456
0 0.419147 0.537450 0.006944 0.008433
0 0.518684 0.497148 0.007606 0.004712
0 0.399636 0.621156 0.003638 0.003720
0 0.323413 0.591394 0.012566 0.005208
0 0.364749 0.650918 0.008598 0.005208
0 0.416171 0.635665 0.006944 0.005456
0 0.366237 0.719742 0.006944 0.007937
0 0.455192 0.702381 0.008929 0.006944
0 0.506944 0.643229 0.008598 0.005704
0 0.478836 0.594742 0.007275 0.004960
0 0.537864 0.578125 0.006944 0.005456
0 0.512897 0.532738 0.006614 0.005456
0 0.591435 0.516121 0.006944 0.005952
0 0.555060 0.500744 0.006283 0.005952
0 0.572421 0.481275 0.008598 0.004712
0 0.568452 0.465402 0.007937 0.004712
0 0.555886 0.446181 0.009259 0.004464
0 0.663856 0.535590 0.008267 0.005704
0 0.638889 0.593874 0.009259 0.006200
0 0.601521 0.611855 0.010582 0.005456
0 0.535218 0.631572 0.006944 0.003720
0 0.488261 0.764633 0.006283 0.007937
0 0.337798 0.732763 0.006283 0.004216
0 0.389716 0.774554 0.004960 0.007937
0 0.681382 0.545387 0.006944 0.005456
0 0.701389 0.561756 0.011905 0.006448
0 0.651951 0.714534 0.008267 0.005952
0 0.746197 0.663566 0.008267 0.006200
0 0.777447 0.656994 0.010582 0.006944
0 0.552414 0.805060 0.007606 0.007440
0 0.553075 0.711310 0.007606 0.005952
0 0.556878 0.646949 0.007275 0.005704
0 0.624504 0.477803 0.005622 0.003224
0 0.666832 0.483631 0.005622 0.004464
0 0.725364 0.510541 0.007606 0.004216
0 0.381118 0.678323 0.006944 0.005456
0 0.630787 0.712178 0.005622 0.005208
