0 0.429067 0.600198 0.006283 0.008433
0 0.395503 0.551711 0.007937 0.008681
0 0.377480 0.583085 0.006944 0.005952
0 0.405258 0.618428 0.006283 0.004712
0 0.429563 0.560144 0.007275 0.004216
0 0.469742 0.531374 0.005622 0.004712
0 0.525628 0.515253 0.004960 0.004216
0 0.613591 0.419271 0.007606 0.009673
0 0.622685 0.470238 0.007937 0.006944
0 0.634755 0.489955 0.006283 0.005208
0 0.663194 0.466766 0.008267 0.003968
0 0.550761 0.529886 0.005622 0.005704
0 0.505787 0.570188 0.007606 0.005456
0 0.538525 0.570685 0.005622 0.007440
0 0.718419 0.464658 0.006283 0.006200
0 0.708168 0.481523 0.006944 0.004216
0 0.462963 0.463666 0.010582 0.005208
0 0.416501 0.676339 0.006283 0.009425
0 0.390046 0.673611 0.005622 0.006448
0 0.424272 0.737723 0.009259 0.005704
0 0.453208 0.672371 0.007606 0.007937
0 0.510417 0.636657 0.008267 0.005456
0 0.533730 0.680308 0.012566 0.006944
0 0.599868 0.644345 0.012566 0.008929
0 0.640708 0.578869 0.005622 0.006944
0 0.579696 0.750868 0.007937 0.005704
0 0.563988 0.783110 0.005622 0.006696
0 0.621693 0.779390 0.007275 0.006696
0 0.645999 0.687500 0.007606 0.007937
0 0.692626 0.689980 0.005622 0.005456
0 0.721561 0.566468 0.007275 0.008433
0 0.723710 0.633805 0.008267 0.005704
0 0.776455 0.668031 0.007275 0.005704
0 0.682540 0.587922 0.010582 0.006696
0 0.669478 0.600818 0.008267 0.007192
0 0.744378 0.585689 0.013228 0.005704
0 0.750827 0.495536 0.006283 0.005952
0 0.509094 0.507192 0.006944 0.005952
