0 0.444775 0.473338 0.007937 0.005704
0 0.338790 0.534970 0.008267 0.007937
0 0.311012 0.582837 0.013558 0.006448
0 0.328208 0.605779 0.005622 0.004712
0 0.333499 0.607639 0.010251 0.006448
0 0.417493 0.535838 0.004299 0.006200
0 0.536210 0.455853 0.006283 0.006944
0 0.521660 0.483631 0.004299 0.004464
0 0.409557 0.622768 0.006283 0.007937
0 0.369048 0.641493 0.007275 0.004216
0 0.419478 0.629836 0.006283 0.004216
0 0.488757 0.599826 0.008598 0.005208
0 0.454200 0.687624 0.008267 0.007688
0 0.368717 0.726190 0.006614 0.006944
0 0.487599 0.760665 0.006283 0.008433
0 0.503472 0.633681 0.006944 0.006944
0 0.546131 0.622892 0.006283 0.003224
0 0.604332 0.602555 0.008929 0.005704
0 0.542493 0.558904 0.008929 0.004712
0 0.517692 0.511781 0.005622 0.004712
0 0.592097 0.447793 0.010913 0.003224
0 0.586806 0.479167 0.010251 0.006944
0 0.559028 0.479663 0.010913 0.003472
0 0.563492 0.479167 0.009259 0.004960
0 0.574901 0.502852 0.006283 0.006696
0 0.630787 0.485739 0.005622 0.004216
0 0.672619 0.478299 0.006614 0.005208
0 0.652612 0.537946 0.006944 0.006448
0 0.682540 0.546751 0.006614 0.004712
0 0.625827 0.585938 0.009590 0.004216
0 0.552414 0.641989 0.007606 0.006200
0 0.391700 0.666047 0.005622 0.004712
0 0.336310 0.720858 0.006614 0.005704
0 0.559358 0.803571 0.008929 0.007937
0 0.649471 0.710813 0.010582 0.007937
0 0.766700 0.671255 0.005622 0.006696
0 0.683201 0.557044 0.007937 0.005456
0 0.733962 0.520585 0.006283 0.004464
0 0.752811 0.525546 0.008929 0.006944
0 0.738095 0.542535 0.006614 0.004712
0 0.730324 0.565352 0.007606 0.005208
