0 0.448578 0.510541 0.008267 0.006200
0 0.531746 0.434028 0.008598 0.004464
0 0.542493 0.431920 0.007606 0.004712
0 0.464947 0.462674 0.005291 0.003720
0 0.406911 0.495288 0.004299 0.005456
0 0.393849 0.558656 0.004630 0.005208
0 0.342923 0.617808 0.008598 0.006448
0 0.579696 0.489955 0.007937 0.004216
0 0.512897 0.491815 0.006614 0.004960
0 0.500165 0.451761 0.006283 0.005208
0 0.480820 0.458953 0.004630 0.004216
0 0.478340 0.462674 0.006944 0.006200
0 0.486607 0.475446 0.005622 0.004960
0 0.530589 0.420263 0.005622 0.004712
0 0.596230 0.417659 0.004630 0.004464
0 0.602348 0.428695 0.004960 0.003720
0 0.664187 0.451885 0.004299 0.004960
0 0.635582 0.508805 0.007275 0.007688
0 0.679398 0.474578 0.007606 0.004216
0 0.587302 0.495040 0.008598 0.005952
0 0.457507 0.519965 0.006944 0.003720
0 0.474537 0.509797 0.005952 0.005208
0 0.375661 0.552703 0.005291 0.004712
0 0.443287 0.635789 0.004960 0.005208
0 0.428902 0.674727 0.006614 0.008681
0 0.511905 0.620536 0.009921 0.004464
0 0.526290 0.594122 0.004960 0.005704
0 0.545470 0.581597 0.005622 0.003968
0 0.592427 0.594866 0.005622 0.004712
0 0.686839 0.538194 0.004630 0.005456
0 0.746197 0.530258 0.010251 0.005456
0 0.764881 0.498264 0.009921 0.004960
0 0.776455 0.507440 0.011243 0.004464
0 0.770999 0.523562 0.010913 0.004960
0 0.381118 0.468998 0.005622 0.004960
0 0.545966 0.643105 0.007275 0.003968
0 0.478340 0.694444 0.007606 0.006944
0 0.596396 0.656250 0.006283 0.004960
0 0.574901 0.665179 0.008267 0.005456
0 0.528935 0.759673 0.006944 0.005456
0 0.631779 0.692956 0.006944 0.004960
0 0.634921 0.776166 0.008598 0.005208
0 0.704861 0.756944 0.010913 0.006944
0 0.582672 0.621032 0.005291 0.003968
0 0.691303 0.575645 0.004960 0.006448
0 0.753472 0.629960 0.005622 0.003968
0 0.685516 0.609003 0.007937 0.007688
