0 0.395007 0.522445 0.006944 0.004712
0 0.400463 0.510541 0.009259 0.006200
0 0.420304 0.505828 0.009921 0.004216
0 0.504795 0.440352 0.005622 0.005208
0 0.420800 0.520337 0.010251 0.004960
0 0.430556 0.530258 0.009259 0.006944
0 0.425099 0.549355 0.007606 0.007937
0 0.497189 0.510293 0.006944 0.007688
0 0.454530 0.651662 0.006283 0.004712
0 0.418651 0.702133 0.007937 0.006448
0 0.530919 0.634301 0.008267 0.005704
0 0.551918 0.620288 0.008598 0.005456
0 0.584821 0.640873 0.007606 0.005456
0 0.594246 0.508433 0.007275 0.005456
0 0.534888 0.524058 0.006283 0.005952
0 0.686839 0.449405 0.011905 0.007440
0 0.674107 0.484251 0.007606 0.004216
0 0.628307 0.504216 0.007937 0.004464
0 0.704200 0.474578 0.007606 0.004216
0 0.763393 0.467386 0.013558 0.005208
0 0.730655 0.498140 0.005622 0.004712
0 0.392030 0.601314 0.006283 0.006200
0 0.531250 0.736111 0.013558 0.007937
0 0.515873 0.756696 0.009259 0.007937
0 0.620205 0.675471 0.005622 0.010169
0 0.648975 0.588170 0.005622 0.005208
0 0.678241 0.592386 0.013228 0.007192
0 0.677579 0.608755 0.009259 0.005208
0 0.644511 0.568328 0.005291 0.006696
0 0.749008 0.612103 0.005952 0.010913
0 0.655423 0.730159 0.005952 0.007440
0 0.575231 0.749008 0.008267 0.007440
0 0.675761 0.688368 0.006944 0.006200
0 0.732474 0.647941 0.006614 0.005704
0 0.711310 0.609747 0.006614 0.007192
0 0.741237 0.591270 0.006944 0.005456
0 0.807209 0.603423 0.010582 0.005456
0 0.362765 0.657614 0.008598 0.004712
0 0.347884 0.628472 0.007275 0.005952
0 0.523479 0.494172 0.010582 0.005208
0 0.799272 0.557788 0.007937 0.005952
0 0.544808 0.473586 0.005622 0.006200
0 0.544312 0.468626 0.007275 0.005704
