0 0.543031 0.526455 0.005704 0.005291
0 0.567336 0.558036 0.004712 0.006944
0 0.599578 0.523644 0.004216 0.004960
0 0.611855 0.423115 0.004464 0.006283
0 0.634921 0.476687 0.005952 0.009590
0 0.649802 0.383433 0.005456 0.008267
0 0.643849 0.295470 0.005952 0.008267
0 0.451513 0.417493 0.007688 0.008929
0 0.468502 0.411706 0.006448 0.007275
0 0.483383 0.422288 0.004960 0.006614
0 0.494420 0.432209 0.004712 0.007275
0 0.460938 0.381118 0.004712 0.006283
0 0.540675 0.375661 0.005952 0.006614
0 0.553571 0.343254 0.005456 0.007937
0 0.527034 0.659722 0.004464 0.004630
0 0.573041 0.657077 0.004712 0.007275
0 0.525422 0.486938 0.006696 0.008929
0 0.584201 0.433862 0.005208 0.005952
0 0.522941 0.239749 0.005704 0.006614
0 0.520833 0.263724 0.005456 0.006944
0 0.689484 0.536376 0.005952 0.005952
0 0.609871 0.546958 0.004464 0.005291
