0 0.345569 0.548859 0.013228 0.005952
0 0.330688 0.595238 0.011905 0.005952
0 0.458168 0.507688 0.006283 0.005952
0 0.558366 0.461186 0.006944 0.006696
0 0.446429 0.544023 0.005952 0.006696
0 0.381283 0.572297 0.007937 0.004216
0 0.393684 0.579489 0.006944 0.004712
0 0.495370 0.572793 0.007937 0.004216
0 0.360615 0.631696 0.008267 0.004960
0 0.578869 0.482019 0.005622 0.005208
0 0.527282 0.517981 0.006944 0.003224
0 0.473380 0.526290 0.006283 0.007440
0 0.608631 0.462178 0.010251 0.004712
0 0.657077 0.473338 0.013228 0.004712
0 0.694610 0.500000 0.006283 0.003968
0 0.556548 0.562252 0.010582 0.005456
0 0.511078 0.594122 0.005622 0.004712
0 0.437665 0.625620 0.007606 0.005208
0 0.402447 0.635417 0.014550 0.009921
0 0.391204 0.651166 0.010582 0.009177
0 0.368386 0.676587 0.007275 0.006944
0 0.384921 0.708581 0.006614 0.007937
0 0.478836 0.691840 0.007275 0.007688
0 0.458829 0.732639 0.007606 0.006448
0 0.371197 0.730531 0.005622 0.005208
0 0.545966 0.634053 0.010582 0.006200
0 0.628638 0.588914 0.007275 0.005704
0 0.684028 0.571057 0.007606 0.004712
0 0.714616 0.622148 0.009921 0.005704
0 0.706515 0.590030 0.007606 0.007937
0 0.769841 0.514881 0.010582 0.008433
0 0.607804 0.609003 0.010582 0.003720
0 0.632110 0.683408 0.005622 0.006696
0 0.541832 0.768849 0.007606 0.005952
0 0.599206 0.777034 0.012566 0.004464
0 0.526290 0.742188 0.008929 0.006200
0 0.759755 0.675967 0.004960 0.004712
0 0.405258 0.475322 0.008929 0.004216
0 0.651951 0.687624 0.005622 0.005704
