0 0.534598 0.658069 0.004216 0.005291
0 0.581225 0.649802 0.004712 0.006614
0 0.540055 0.488095 0.005208 0.007937
0 0.552827 0.525298 0.004464 0.005622
0 0.579365 0.553241 0.003968 0.004630
0 0.604663 0.525298 0.004464 0.005622
0 0.700645 0.532077 0.005952 0.006614
0 0.646081 0.460483 0.005456 0.008929
0 0.612599 0.550265 0.004464 0.004630
0 0.548487 0.377811 0.004712 0.005622
0 0.612103 0.427249 0.003968 0.005952
0 0.591518 0.430556 0.004464 0.005952
0 0.661334 0.377646 0.005208 0.008598
0 0.469618 0.368056 0.006200 0.005952
0 0.466890 0.417163 0.006200 0.006283
0 0.478795 0.408069 0.005208 0.006614
0 0.504836 0.425761 0.005208 0.006944
0 0.494296 0.275794 0.006448 0.005952
0 0.531002 0.258102 0.007440 0.009590
0 0.531622 0.237765 0.005208 0.007275
0 0.565352 0.343585 0.004712 0.005291
0 0.478299 0.304563 0.004712 0.006614
0 0.649678 0.301753 0.003224 0.005622
0 0.466766 0.546462 0.004960 0.004960
0 0.458705 0.615741 0.005208 0.006614
