0 0.516369 0.479663 0.006283 0.005952
0 0.522487 0.454365 0.012566 0.005952
0 0.323082 0.598090 0.010582 0.005208
0 0.315146 0.563368 0.011905 0.006200
0 0.303406 0.621652 0.006283 0.005704
0 0.372685 0.618180 0.009921 0.005208
0 0.336310 0.650670 0.011905 0.009177
0 0.339120 0.658110 0.010251 0.004712
0 0.394015 0.641369 0.007606 0.006448
0 0.348049 0.706597 0.005622 0.007937
0 0.374669 0.761905 0.007275 0.008929
0 0.437004 0.715030 0.007606 0.006944
0 0.452877 0.738343 0.008267 0.006944
0 0.478505 0.765997 0.006614 0.005208
0 0.532573 0.801339 0.007606 0.007440
0 0.419808 0.510293 0.008267 0.004712
0 0.395668 0.523810 0.006944 0.008433
0 0.502149 0.506076 0.004299 0.004712
0 0.568783 0.480779 0.009921 0.005704
0 0.609623 0.465154 0.008267 0.005208
0 0.503142 0.553571 0.006283 0.006944
0 0.587136 0.515005 0.006944 0.004712
0 0.659061 0.526662 0.009921 0.004712
0 0.521329 0.520337 0.004960 0.003472
0 0.434524 0.589162 0.011243 0.004216
0 0.510086 0.588418 0.007606 0.005704
0 0.658896 0.536582 0.006944 0.004712
0 0.700397 0.559400 0.009921 0.005704
0 0.492229 0.649430 0.009590 0.005208
0 0.508763 0.634301 0.006283 0.004712
0 0.548280 0.644841 0.010582 0.004960
0 0.588459 0.618800 0.006944 0.007440
0 0.628307 0.596354 0.006614 0.005704
0 0.707507 0.652406 0.009590 0.005208
0 0.722884 0.654514 0.011243 0.008433
0 0.627149 0.712674 0.006944 0.005208
0 0.618221 0.718998 0.006944 0.005456
0 0.536376 0.710317 0.012566 0.005952
0 0.661376 0.753224 0.007937 0.007440
0 0.698247 0.499380 0.006944 0.005208
0 0.644511 0.486235 0.004630 0.004216
