0 0.311012 0.563864 0.012235 0.006696
0 0.301091 0.620784 0.005622 0.006448
0 0.325893 0.596602 0.011574 0.004216
0 0.368882 0.614831 0.008929 0.005456
0 0.339947 0.652778 0.009921 0.005456
0 0.335317 0.656746 0.010582 0.005456
0 0.393684 0.640129 0.006283 0.006448
0 0.348380 0.697669 0.006283 0.007937
0 0.351687 0.688368 0.004299 0.005208
0 0.371528 0.755580 0.006283 0.008185
0 0.436673 0.715154 0.006283 0.006696
0 0.428406 0.587178 0.011574 0.005704
0 0.392526 0.516741 0.005291 0.006696
0 0.418651 0.513145 0.006614 0.004960
0 0.448413 0.558408 0.004630 0.006696
0 0.516204 0.479415 0.006614 0.005456
0 0.514881 0.452257 0.008598 0.008681
0 0.506283 0.505704 0.007937 0.003472
0 0.570106 0.480283 0.009259 0.003720
0 0.610450 0.458705 0.007275 0.004712
0 0.515708 0.522817 0.006944 0.003968
0 0.590774 0.510293 0.008929 0.004712
0 0.640377 0.486359 0.004960 0.004464
0 0.694775 0.493676 0.004630 0.003720
0 0.665179 0.520833 0.011574 0.005456
0 0.656415 0.532490 0.005952 0.004960
0 0.505456 0.555804 0.006283 0.003968
0 0.505456 0.587922 0.006283 0.004216
0 0.503638 0.631820 0.004630 0.004712
0 0.494213 0.650174 0.007606 0.004216
0 0.587632 0.617560 0.006614 0.005952
0 0.629134 0.594370 0.005622 0.006696
0 0.705192 0.555680 0.010913 0.005704
0 0.478340 0.764261 0.006283 0.005208
0 0.529266 0.797619 0.006944 0.007937
0 0.581680 0.811384 0.007275 0.005704
0 0.446925 0.740575 0.006944 0.005456
0 0.619048 0.717510 0.005952 0.004464
0 0.621197 0.708829 0.005622 0.004960
0 0.701720 0.646701 0.007275 0.004712
0 0.712302 0.647073 0.008598 0.009921
0 0.550595 0.641865 0.009259 0.004464
0 0.345403 0.516493 0.006283 0.005704
