0 0.478547 0.611772 0.008185 0.007275
0 0.549231 0.653770 0.005704 0.005291
0 0.594618 0.641038 0.003224 0.007606
0 0.559772 0.485450 0.005456 0.009921
0 0.568824 0.519841 0.005208 0.005291
0 0.598338 0.545304 0.006200 0.007275
0 0.613591 0.530093 0.005456 0.006614
0 0.618180 0.552910 0.006200 0.006614
0 0.719370 0.522652 0.006696 0.006944
0 0.664559 0.436508 0.004712 0.007937
0 0.602183 0.427083 0.004464 0.005622
0 0.607887 0.430060 0.003968 0.004960
0 0.681052 0.362434 0.006448 0.009921
0 0.661954 0.310681 0.004960 0.006944
0 0.672743 0.289352 0.005704 0.006614
0 0.542163 0.231978 0.007937 0.009590
0 0.517609 0.271825 0.005952 0.005952
0 0.561632 0.378803 0.005208 0.007606
0 0.583085 0.342262 0.004960 0.003968
0 0.496776 0.400628 0.005952 0.007606
0 0.492560 0.409392 0.006944 0.007275
0 0.520957 0.411706 0.004712 0.005952
0 0.513765 0.386574 0.004712 0.005952
0 0.423239 0.411706 0.005208 0.006614
0 0.427827 0.449405 0.003968 0.006614
0 0.444940 0.519841 0.006448 0.009921
0 0.484375 0.541336 0.004960 0.006614
