0 0.547784 0.415799 0.006944 0.010169
0 0.480820 0.509673 0.008598 0.008929
0 0.542659 0.657862 0.010582 0.007688
0 0.467262 0.662698 0.007275 0.007440
0 0.608135 0.633433 0.009921 0.005456
0 0.393188 0.555804 0.008598 0.005456
0 0.412202 0.537574 0.008929 0.007688
0 0.434854 0.561756 0.006614 0.007937
0 0.420304 0.589286 0.007937 0.003968
0 0.437996 0.530754 0.006944 0.003968
0 0.457672 0.535466 0.005291 0.005456
0 0.507275 0.551091 0.006614 0.003968
0 0.560020 0.501860 0.008267 0.004712
0 0.554894 0.522941 0.005291 0.005208
0 0.654597 0.465650 0.008267 0.006200
0 0.659722 0.489831 0.005291 0.003968
0 0.694114 0.461186 0.005952 0.004216
0 0.743552 0.456597 0.008929 0.005456
0 0.733962 0.479291 0.006283 0.005208
0 0.779762 0.487475 0.005952 0.004712
0 0.664187 0.580109 0.006944 0.008929
0 0.547950 0.540303 0.003968 0.004216
0 0.419808 0.640253 0.006283 0.005208
0 0.384259 0.650174 0.005291 0.005704
0 0.537037 0.626116 0.007275 0.003720
0 0.437169 0.724578 0.012566 0.007688
0 0.564980 0.772817 0.005622 0.007937
0 0.468254 0.726066 0.007275 0.005208
0 0.575728 0.744792 0.007275 0.005456
0 0.697255 0.757192 0.006944 0.012897
0 0.618552 0.772197 0.004960 0.008185
0 0.652116 0.674231 0.005952 0.005208
0 0.678902 0.589534 0.006614 0.004464
0 0.731812 0.542287 0.005291 0.007688
0 0.757937 0.590402 0.007275 0.006696
0 0.724372 0.627108 0.008267 0.006200
0 0.771495 0.657118 0.010582 0.006200
0 0.487103 0.431424 0.007275 0.004712
0 0.701224 0.685764 0.006283 0.005456
