0 0.309524 0.559028 0.011905 0.007440
0 0.301918 0.614583 0.007937 0.006448
0 0.335317 0.591890 0.008598 0.005208
0 0.367229 0.605903 0.008929 0.006944
0 0.334160 0.651166 0.007606 0.006696
0 0.348214 0.652282 0.010582 0.005952
0 0.349702 0.685268 0.006283 0.005456
0 0.357143 0.680804 0.008598 0.009921
0 0.398644 0.635417 0.006944 0.006944
0 0.424272 0.578001 0.006614 0.005208
0 0.422123 0.512773 0.008929 0.005208
0 0.518684 0.475446 0.006283 0.006944
0 0.504795 0.440600 0.008267 0.010169
0 0.521495 0.499628 0.010582 0.004712
0 0.510417 0.523438 0.006944 0.005704
0 0.511078 0.557540 0.006944 0.005456
0 0.497520 0.586062 0.007606 0.005456
0 0.499504 0.623760 0.007606 0.004960
0 0.501984 0.645709 0.007275 0.006200
0 0.440807 0.710317 0.007275 0.007937
0 0.369378 0.741071 0.006614 0.009425
0 0.485450 0.759673 0.009259 0.005456
0 0.575562 0.476314 0.006283 0.005208
0 0.616402 0.445064 0.009259 0.004216
0 0.601190 0.499752 0.007275 0.005952
0 0.638724 0.481523 0.006283 0.005208
0 0.660549 0.522693 0.006283 0.005208
0 0.676422 0.506820 0.006944 0.006200
0 0.693287 0.483383 0.005622 0.004960
0 0.714286 0.546255 0.010582 0.011161
0 0.558366 0.632937 0.009590 0.005456
0 0.592427 0.609747 0.010251 0.005208
0 0.637070 0.587922 0.008267 0.004712
0 0.528439 0.788194 0.006614 0.008433
0 0.582672 0.801835 0.009259 0.005456
0 0.615575 0.700273 0.006283 0.006696
0 0.700728 0.637773 0.007937 0.005208
0 0.702050 0.629464 0.010582 0.008929
0 0.449239 0.551587 0.006944 0.008433
0 0.442956 0.739583 0.009590 0.006448
0 0.347718 0.513517 0.006283 0.003720
