0 0.404266 0.448909 0.005952 0.005622
0 0.442832 0.416501 0.006696 0.006944
0 0.464286 0.412037 0.004960 0.006614
0 0.456349 0.387566 0.004960 0.007275
0 0.476811 0.424934 0.004712 0.006614
0 0.488343 0.434028 0.004464 0.007606
0 0.516493 0.486276 0.007192 0.008929
0 0.538070 0.525298 0.004712 0.006283
0 0.561012 0.560351 0.005456 0.005622
0 0.596850 0.522156 0.004712 0.006614
0 0.579489 0.435351 0.005208 0.006283
0 0.611979 0.419643 0.004712 0.007275
0 0.629216 0.487103 0.005952 0.011905
0 0.643105 0.389054 0.004464 0.008929
0 0.522817 0.658896 0.004960 0.006283
0 0.568452 0.661210 0.004960 0.006944
0 0.683160 0.537533 0.005208 0.005622
0 0.536830 0.371528 0.006200 0.006944
0 0.547371 0.340939 0.004464 0.007275
0 0.640749 0.292328 0.005208 0.006614
0 0.517361 0.241402 0.005456 0.006614
0 0.515997 0.262731 0.007192 0.006944
