0 0.333499 0.591890 0.006944 0.005704
0 0.333995 0.598214 0.007937 0.004464
0 0.372851 0.632440 0.006944 0.004960
0 0.418981 0.527034 0.005291 0.005952
0 0.338459 0.520461 0.011574 0.007688
0 0.455522 0.454613 0.009590 0.005456
0 0.539683 0.435516 0.007275 0.007440
0 0.528108 0.469246 0.005291 0.005456
0 0.572090 0.464410 0.005291 0.005208
0 0.547123 0.481275 0.010913 0.004216
0 0.529762 0.499628 0.009921 0.006200
0 0.569114 0.488095 0.007275 0.005456
0 0.637401 0.456349 0.008929 0.005456
0 0.676587 0.473834 0.008598 0.005208
0 0.551257 0.541047 0.010582 0.005208
0 0.600529 0.502604 0.007275 0.006696
0 0.643684 0.541295 0.006283 0.006200
0 0.645337 0.497644 0.004960 0.003224
0 0.740906 0.537202 0.006944 0.004960
0 0.423611 0.621156 0.006614 0.004216
0 0.437004 0.623016 0.006944 0.005456
0 0.505291 0.600074 0.010582 0.004216
0 0.487599 0.550595 0.006283 0.003968
0 0.614583 0.598586 0.008929 0.005704
0 0.625496 0.576637 0.005622 0.007440
0 0.508763 0.622024 0.006944 0.004960
0 0.458664 0.671131 0.007275 0.005456
0 0.567956 0.616815 0.008267 0.004960
0 0.556382 0.634797 0.004960 0.004216
0 0.338624 0.713542 0.007275 0.006448
0 0.376323 0.735491 0.005952 0.006696
0 0.492063 0.759797 0.007275 0.009177
0 0.638393 0.705357 0.011574 0.009425
0 0.643022 0.693328 0.006283 0.004712
0 0.663525 0.552207 0.007606 0.005208
0 0.685020 0.546503 0.006283 0.005208
0 0.641865 0.772445 0.010582 0.007192
0 0.570271 0.802827 0.006944 0.005952
0 0.737599 0.558160 0.008267 0.004216
0 0.702712 0.559772 0.007275 0.004464
0 0.754134 0.531622 0.006944 0.005704
