0 0.562128 0.522487 0.004216 0.005291
0 0.552579 0.486607 0.004960 0.006944
0 0.609871 0.527778 0.003472 0.005291
0 0.590898 0.547784 0.005208 0.005622
0 0.598214 0.427579 0.003472 0.005291
0 0.609995 0.428902 0.004216 0.004630
0 0.657862 0.444940 0.004712 0.006944
0 0.673487 0.369213 0.006200 0.009590
0 0.712426 0.526124 0.005208 0.005291
0 0.543403 0.654762 0.003968 0.005952
0 0.589162 0.641534 0.003720 0.006614
0 0.470858 0.612765 0.005704 0.006614
0 0.419891 0.446263 0.004464 0.006944
0 0.436136 0.527447 0.006696 0.008598
0 0.482267 0.413029 0.004712 0.006614
0 0.488715 0.402778 0.005704 0.005291
0 0.508433 0.396329 0.003968 0.005622
0 0.556176 0.377646 0.005704 0.006614
0 0.576885 0.342097 0.004464 0.006283
0 0.515253 0.416336 0.004712 0.006614
0 0.657118 0.307870 0.005704 0.007275
0 0.508681 0.274140 0.006448 0.006614
0 0.539187 0.241237 0.005456 0.009590
0 0.539062 0.232308 0.004216 0.003638
