0 0.577753 0.492063 0.005208 0.012566
0 0.583953 0.522487 0.004216 0.005291
0 0.619420 0.545966 0.005208 0.007275
0 0.624504 0.544478 0.004464 0.005622
0 0.566468 0.657077 0.004960 0.007275
0 0.611731 0.646991 0.005704 0.008267
0 0.553819 0.685020 0.006944 0.009590
0 0.499380 0.617229 0.004712 0.005622
0 0.434028 0.451224 0.004960 0.006944
0 0.602307 0.448909 0.005208 0.005622
0 0.612723 0.429233 0.004712 0.005952
0 0.680804 0.419974 0.004960 0.007275
0 0.700769 0.355159 0.005704 0.007937
0 0.739583 0.519511 0.005456 0.006614
0 0.520213 0.402612 0.007192 0.007606
0 0.519345 0.377646 0.006448 0.005291
0 0.573165 0.384921 0.004960 0.005952
0 0.596726 0.353671 0.004464 0.006283
0 0.536458 0.274306 0.004464 0.005622
0 0.486731 0.312831 0.005208 0.005952
0 0.548487 0.233631 0.004712 0.006283
0 0.451513 0.464286 0.007192 0.009259
0 0.470362 0.506614 0.005704 0.007275
0 0.540179 0.413029 0.005456 0.007937
0 0.526414 0.337632 0.006200 0.007275
0 0.452505 0.422784 0.005704 0.008267
0 0.673363 0.330522 0.003472 0.008267
0 0.714162 0.345403 0.003720 0.006944
0 0.680184 0.290179 0.004216 0.006944
0 0.501364 0.550595 0.004216 0.006614
