0 0.339782 0.541419 0.008929 0.005952
0 0.315642 0.587674 0.012897 0.006200
0 0.326554 0.609995 0.004960 0.004712
0 0.335648 0.612723 0.009259 0.004712
0 0.443287 0.481275 0.007606 0.004712
0 0.416171 0.538318 0.005622 0.005704
0 0.535384 0.463542 0.007937 0.007440
0 0.520668 0.490203 0.006283 0.005704
0 0.579034 0.450397 0.011905 0.004464
0 0.579200 0.473586 0.006283 0.006200
0 0.563823 0.481275 0.011243 0.003720
0 0.561839 0.487847 0.005952 0.005456
0 0.515046 0.519717 0.006283 0.005704
0 0.468915 0.559028 0.008598 0.006448
0 0.405919 0.623140 0.007606 0.005704
0 0.369709 0.646205 0.008598 0.006200
0 0.417328 0.632440 0.007937 0.005456
0 0.486607 0.599950 0.006944 0.005952
0 0.454861 0.694196 0.006944 0.007440
0 0.366898 0.724702 0.006944 0.007440
0 0.504464 0.637773 0.008929 0.004216
0 0.543155 0.628472 0.007606 0.004960
0 0.540013 0.566964 0.005952 0.006448
0 0.581845 0.509797 0.007606 0.004712
0 0.657573 0.538070 0.006944 0.006200
0 0.602348 0.607143 0.006283 0.006448
0 0.682870 0.547991 0.005952 0.005208
0 0.631779 0.591146 0.006283 0.004712
0 0.691303 0.560888 0.010913 0.005704
0 0.627149 0.483135 0.006944 0.004464
0 0.487599 0.762525 0.007606 0.009177
0 0.556217 0.804563 0.008598 0.007440
0 0.631448 0.706225 0.005622 0.004216
0 0.652612 0.713542 0.009590 0.006944
0 0.759755 0.668899 0.006283 0.006448
0 0.554067 0.645213 0.006944 0.005208
0 0.731316 0.516245 0.008267 0.004216
0 0.386409 0.671751 0.004960 0.005704
0 0.482308 0.718254 0.006944 0.005952
0 0.736938 0.543527 0.008267 0.005704
0 0.728340 0.569444 0.007606 0.006944
