0 0.362434 0.549355 0.013228 0.006944
0 0.345569 0.591146 0.009259 0.004712
0 0.374008 0.629092 0.009921 0.004712
0 0.474702 0.510541 0.006944 0.005208
0 0.423280 0.472842 0.008598 0.003720
0 0.575231 0.463418 0.006944 0.005704
0 0.452050 0.539062 0.011243 0.005208
0 0.405919 0.574653 0.006283 0.004960
0 0.402116 0.569940 0.009921 0.004960
0 0.497851 0.572793 0.009590 0.005208
0 0.536872 0.520213 0.006283 0.004712
0 0.591766 0.479663 0.006283 0.004960
0 0.679729 0.472098 0.014881 0.005208
0 0.624173 0.462922 0.008929 0.003720
0 0.581845 0.564112 0.012235 0.006696
0 0.412037 0.625744 0.007275 0.008929
0 0.412368 0.658854 0.010582 0.008681
0 0.376157 0.676587 0.006944 0.006944
0 0.394345 0.701885 0.006944 0.007937
0 0.457341 0.629340 0.007937 0.005208
0 0.521660 0.586806 0.008267 0.005952
0 0.494213 0.689980 0.008267 0.008433
0 0.466931 0.735367 0.008598 0.005456
0 0.386739 0.732143 0.008267 0.005456
0 0.549438 0.771205 0.007606 0.006200
0 0.544643 0.742436 0.009259 0.005704
0 0.606481 0.776166 0.011905 0.005704
0 0.563161 0.637277 0.012566 0.006200
0 0.635747 0.682540 0.009590 0.008433
0 0.633267 0.561756 0.006614 0.005456
0 0.645833 0.589906 0.013228 0.004712
0 0.630456 0.607763 0.010251 0.004216
0 0.717262 0.624752 0.011243 0.006944
0 0.699405 0.570561 0.006614 0.003720
0 0.706845 0.583581 0.008267 0.005952
0 0.765377 0.672991 0.006283 0.005208
0 0.751488 0.518477 0.007606 0.005208
