0 0.331680 0.599950 0.009259 0.005456
0 0.336475 0.527158 0.010251 0.007192
0 0.417163 0.530630 0.006283 0.004712
0 0.448743 0.463418 0.007275 0.006200
0 0.536706 0.446057 0.007937 0.008681
0 0.523313 0.476314 0.006283 0.004712
0 0.523810 0.506076 0.007275 0.004216
0 0.370370 0.637773 0.005952 0.004712
0 0.415179 0.622520 0.006283 0.005952
0 0.426753 0.626488 0.004960 0.005952
0 0.497189 0.601314 0.008929 0.004216
0 0.504960 0.628720 0.008598 0.005456
0 0.456019 0.679936 0.007275 0.006200
0 0.372520 0.731151 0.006944 0.007440
0 0.556217 0.620908 0.007937 0.004712
0 0.555060 0.639137 0.005622 0.004960
0 0.545304 0.549355 0.009259 0.004960
0 0.569775 0.495660 0.005952 0.005704
0 0.569114 0.470734 0.005291 0.003968
0 0.553241 0.479787 0.008598 0.004712
0 0.614914 0.451389 0.007606 0.004464
0 0.590608 0.490327 0.007275 0.005952
0 0.637731 0.491691 0.004299 0.003720
0 0.647652 0.540303 0.006283 0.006696
0 0.684028 0.547495 0.006283 0.004712
0 0.672619 0.555308 0.009921 0.004960
0 0.609292 0.600818 0.008929 0.004712
0 0.624339 0.580605 0.007937 0.005456
0 0.737434 0.528522 0.008598 0.004464
0 0.752976 0.528522 0.005952 0.004960
0 0.674934 0.475198 0.005291 0.003968
0 0.490410 0.759177 0.007937 0.007440
0 0.645833 0.709201 0.011905 0.008185
0 0.564980 0.802951 0.006944 0.006696
0 0.635251 0.786582 0.010582 0.007688
0 0.564649 0.706845 0.008929 0.005952
0 0.776786 0.678447 0.007275 0.006696
0 0.338128 0.717262 0.008267 0.006944
0 0.735946 0.561384 0.008267 0.005704
0 0.637897 0.697173 0.007937 0.006944
