0 0.309524 0.607887 0.010582 0.005952
0 0.316303 0.553819 0.011574 0.007440
0 0.430556 0.511037 0.007937 0.006200
0 0.347222 0.584449 0.011243 0.005208
0 0.371858 0.595238 0.006944 0.004960
0 0.338790 0.642981 0.006944 0.005208
0 0.529927 0.469122 0.007606 0.004712
0 0.542493 0.493180 0.010913 0.005208
0 0.428571 0.565972 0.007937 0.007440
0 0.360284 0.650422 0.008929 0.006200
0 0.617394 0.487723 0.009921 0.003720
0 0.409888 0.477679 0.006944 0.007937
0 0.585152 0.471354 0.005622 0.004712
0 0.512566 0.522197 0.005952 0.005208
0 0.454861 0.542907 0.008267 0.007937
0 0.351687 0.508929 0.006283 0.005456
0 0.697917 0.491567 0.007606 0.005456
0 0.670139 0.513765 0.005622 0.005208
0 0.733796 0.533978 0.014550 0.007937
0 0.702546 0.564608 0.006944 0.005704
0 0.521329 0.560640 0.008929 0.006200
0 0.492229 0.581845 0.009590 0.005456
0 0.410880 0.631076 0.008929 0.005704
0 0.372520 0.662202 0.008267 0.008929
0 0.352679 0.681052 0.006283 0.005456
0 0.372520 0.727183 0.006944 0.008929
0 0.452050 0.703869 0.007275 0.007937
0 0.498843 0.613963 0.007606 0.005208
0 0.515377 0.640625 0.011574 0.006944
0 0.571759 0.621900 0.009921 0.006200
0 0.604497 0.600074 0.011905 0.005704
0 0.651620 0.581225 0.008929 0.005208
0 0.698909 0.614831 0.006944 0.008929
0 0.704365 0.629588 0.007937 0.005704
0 0.618221 0.693700 0.006944 0.005456
0 0.444940 0.736235 0.006944 0.005704
0 0.497189 0.752728 0.008267 0.006448
0 0.531250 0.777778 0.006283 0.005952
0 0.585648 0.790799 0.009921 0.005208
0 0.630787 0.699281 0.006944 0.005704
