0 0.543279 0.569940 0.005208 0.006283
0 0.486607 0.472388 0.004464 0.008267
0 0.410094 0.405093 0.006200 0.007275
0 0.410838 0.444610 0.005704 0.004960
0 0.443948 0.408069 0.004464 0.005952
0 0.452877 0.406581 0.004464 0.005622
0 0.454985 0.425761 0.004712 0.004960
0 0.468626 0.446429 0.004216 0.005291
0 0.498016 0.246032 0.004464 0.005952
0 0.505208 0.248347 0.004960 0.005952
0 0.528646 0.331019 0.004216 0.005952
0 0.525670 0.346065 0.005208 0.007606
0 0.513889 0.657903 0.004960 0.006283
0 0.564608 0.683036 0.003224 0.008267
0 0.688740 0.632440 0.004960 0.007606
0 0.428819 0.548776 0.006448 0.007606
0 0.525546 0.523313 0.005456 0.006283
0 0.598214 0.518519 0.004464 0.006614
0 0.620536 0.512235 0.004464 0.006614
0 0.665675 0.543651 0.005456 0.006614
0 0.623016 0.396991 0.004960 0.005622
0 0.626364 0.409888 0.004712 0.008267
0 0.640129 0.274802 0.004464 0.007275
0 0.568204 0.437004 0.005952 0.005622
0 0.573289 0.396329 0.003224 0.004960
0 0.532738 0.402943 0.003472 0.004299
0 0.513765 0.438492 0.005208 0.005952
0 0.559648 0.520172 0.004712 0.005952
