0 0.417659 0.410218 0.006944 0.007606
0 0.405382 0.446429 0.004712 0.004630
0 0.443824 0.402612 0.004712 0.006283
0 0.455357 0.411706 0.004960 0.005952
0 0.459201 0.424769 0.004216 0.005622
0 0.472098 0.442626 0.004712 0.004960
0 0.492188 0.478505 0.004216 0.007937
0 0.431920 0.550265 0.005704 0.005952
0 0.545139 0.568122 0.005456 0.005952
0 0.513393 0.658730 0.004464 0.007275
0 0.594866 0.518849 0.004216 0.006614
0 0.617063 0.505787 0.004464 0.008267
0 0.525794 0.523479 0.004464 0.005291
0 0.562872 0.676257 0.004216 0.006614
0 0.696429 0.629630 0.005456 0.007275
0 0.668651 0.542163 0.005456 0.006944
0 0.526414 0.356151 0.004712 0.007275
0 0.531746 0.335152 0.004464 0.006944
0 0.628348 0.403604 0.004216 0.007606
0 0.615451 0.405093 0.005208 0.007275
0 0.505208 0.252646 0.006448 0.010582
0 0.501984 0.246362 0.003472 0.005291
0 0.637029 0.280919 0.004712 0.006283
