0 0.522817 0.540055 0.011905 0.004216
0 0.502149 0.429936 0.004960 0.003720
0 0.360946 0.474826 0.004960 0.003720
0 0.428241 0.456225 0.005291 0.003720
0 0.427249 0.448289 0.007275 0.003224
0 0.444610 0.450521 0.008929 0.004712
0 0.454530 0.457837 0.006283 0.004960
0 0.487765 0.447669 0.008598 0.004464
0 0.452216 0.484747 0.006944 0.004712
0 0.491733 0.469990 0.004630 0.004464
0 0.564153 0.465898 0.004630 0.003720
0 0.535714 0.499008 0.005952 0.003472
0 0.482308 0.509921 0.006944 0.007440
0 0.454530 0.525670 0.006283 0.004712
0 0.451389 0.514013 0.005291 0.004216
0 0.323743 0.548487 0.005952 0.005704
0 0.330522 0.571305 0.016865 0.004216
0 0.366402 0.518601 0.005952 0.004464
0 0.382275 0.574653 0.005952 0.004960
0 0.414021 0.563988 0.005952 0.004960
0 0.347553 0.621280 0.005291 0.004464
0 0.470734 0.568328 0.006283 0.004712
0 0.446594 0.594122 0.007606 0.004712
0 0.501157 0.591022 0.006283 0.006448
0 0.454365 0.626488 0.008598 0.005952
0 0.455522 0.619544 0.007606 0.006448
0 0.567295 0.511657 0.005622 0.005456
0 0.529927 0.553819 0.005622 0.007440
0 0.556382 0.588914 0.005622 0.011161
0 0.559854 0.595734 0.008598 0.004960
0 0.605324 0.603547 0.008929 0.004216
0 0.622685 0.602059 0.007275 0.004712
0 0.692791 0.543155 0.011905 0.006448
0 0.676422 0.528026 0.005622 0.006448
0 0.642030 0.470610 0.004299 0.004712
0 0.467593 0.627604 0.006614 0.004712
0 0.395833 0.703621 0.006614 0.005456
0 0.560516 0.712054 0.005291 0.007440
0 0.563657 0.679191 0.006283 0.004712
0 0.585152 0.635293 0.004960 0.006696
0 0.580853 0.634425 0.006283 0.004960
0 0.695767 0.644841 0.006614 0.004960
0 0.739914 0.628224 0.006283 0.005952
0 0.609954 0.721478 0.006283 0.004960
0 0.741898 0.681300 0.004960 0.005456
