0 0.331184 0.571553 0.014881 0.006200
0 0.326389 0.551339 0.005291 0.004960
0 0.407077 0.559896 0.005952 0.004712
0 0.378142 0.574405 0.006944 0.003968
0 0.346396 0.617188 0.006283 0.004712
0 0.429563 0.457217 0.004630 0.004216
0 0.489583 0.448413 0.008929 0.006448
0 0.456845 0.458705 0.005622 0.006200
0 0.501488 0.427827 0.005622 0.009425
0 0.446925 0.453745 0.007606 0.004216
0 0.434689 0.452009 0.006283 0.003224
0 0.493386 0.469618 0.003968 0.004712
0 0.453538 0.486359 0.009590 0.004464
0 0.483466 0.496404 0.005291 0.007192
0 0.448413 0.525918 0.009921 0.004712
0 0.454034 0.515873 0.006614 0.003472
0 0.384425 0.584201 0.008929 0.004712
0 0.447255 0.592138 0.008267 0.004712
0 0.528770 0.541543 0.009921 0.004216
0 0.535549 0.544271 0.006283 0.007688
0 0.538360 0.500992 0.004630 0.004464
0 0.623016 0.466022 0.005291 0.005456
0 0.641038 0.460441 0.006283 0.006696
0 0.625496 0.450149 0.008929 0.003472
0 0.567460 0.512029 0.005291 0.005208
0 0.556713 0.570933 0.006944 0.011409
0 0.472553 0.571305 0.007937 0.006696
0 0.504464 0.574281 0.006283 0.004712
0 0.671296 0.518725 0.005291 0.005208
0 0.693122 0.539311 0.013228 0.006200
0 0.715774 0.557788 0.006944 0.005456
0 0.455357 0.612103 0.007937 0.007937
0 0.455853 0.617808 0.007606 0.005952
0 0.504134 0.596602 0.006944 0.005704
0 0.366237 0.687872 0.006283 0.006696
0 0.392361 0.700397 0.006944 0.005456
0 0.381779 0.736483 0.006944 0.004712
0 0.561177 0.595858 0.009259 0.004216
0 0.498347 0.650298 0.006614 0.003968
0 0.582837 0.636657 0.008929 0.005456
0 0.584656 0.642609 0.007275 0.007440
0 0.564153 0.673239 0.007275 0.004712
0 0.563657 0.703001 0.006283 0.006696
0 0.603505 0.715650 0.009921 0.007192
0 0.601687 0.606895 0.006283 0.004464
0 0.617560 0.603671 0.007606 0.004960
0 0.697586 0.641865 0.006283 0.004960
0 0.739253 0.679067 0.006944 0.005456
0 0.737930 0.632812 0.006283 0.005208
0 0.718915 0.595238 0.005952 0.003968
