0 0.410714 0.447421 0.006944 0.011243
0 0.460193 0.419478 0.007192 0.009590
0 0.441592 0.395999 0.007192 0.018849
0 0.496156 0.380622 0.009177 0.011905
0 0.419395 0.544643 0.012401 0.017196
0 0.458209 0.559028 0.019097 0.013558
0 0.443452 0.561343 0.008929 0.016204
0 0.449901 0.632937 0.011409 0.022487
0 0.490079 0.608962 0.008929 0.010913
0 0.546875 0.602679 0.010417 0.012235
0 0.548115 0.706515 0.011905 0.016865
0 0.596354 0.697917 0.009673 0.016865
0 0.633433 0.670966 0.010913 0.016534
0 0.573165 0.677249 0.005456 0.014550
0 0.583457 0.642692 0.010169 0.010913
0 0.601935 0.606151 0.009425 0.015873
0 0.660714 0.620536 0.005952 0.010913
0 0.676835 0.624835 0.009425 0.010251
0 0.682788 0.594577 0.011905 0.013228
0 0.686012 0.586806 0.012897 0.010913
0 0.696553 0.578704 0.007688 0.009259
0 0.693328 0.539848 0.010665 0.012897
0 0.592634 0.582507 0.004712 0.010913
0 0.572917 0.571429 0.012401 0.022487
0 0.590650 0.537864 0.006200 0.010251
0 0.633309 0.517196 0.008185 0.019180
0 0.589038 0.509425 0.008433 0.018188
0 0.593130 0.481978 0.006696 0.008929
0 0.623512 0.489253 0.010417 0.011574
0 0.648810 0.455192 0.011905 0.010251
0 0.533730 0.508929 0.010417 0.017857
0 0.532986 0.499835 0.004960 0.006944
0 0.528274 0.497851 0.006448 0.007606
0 0.529886 0.491733 0.009177 0.008598
0 0.520089 0.500827 0.008433 0.010251
0 0.525422 0.504134 0.006200 0.008267
0 0.501240 0.491733 0.011409 0.012566
0 0.567832 0.448909 0.008681 0.009590
0 0.604911 0.421462 0.009921 0.015542
0 0.548115 0.418155 0.009921 0.022817
0 0.534474 0.397487 0.010913 0.017196
0 0.543527 0.366733 0.012153 0.015873
0 0.502232 0.355159 0.012897 0.012566
0 0.522197 0.317626 0.014633 0.022156
0 0.536582 0.307540 0.011657 0.013228
0 0.542411 0.337302 0.011905 0.013228
0 0.560764 0.322917 0.011905 0.018188
0 0.573041 0.321429 0.012153 0.015212
0 0.564980 0.335483 0.009425 0.018188
0 0.589534 0.331019 0.007440 0.014550
0 0.605283 0.343089 0.009673 0.018849
0 0.640377 0.389716 0.011409 0.010251
0 0.662946 0.419478 0.005952 0.016204
0 0.505208 0.290179 0.006448 0.012897
0 0.716022 0.657573 0.010417 0.013558
0 0.633433 0.445106 0.006944 0.010582
0 0.646205 0.438327 0.006200 0.009590
0 0.702629 0.486442 0.013393 0.017196
0 0.737475 0.478175 0.010665 0.009259
0 0.708705 0.465774 0.006696 0.008267
0 0.696057 0.371032 0.009177 0.011905
0 0.447545 0.570933 0.009673 0.018849
