0 0.550595 0.490741 0.006944 0.016534
0 0.539807 0.478175 0.010665 0.015212
0 0.535466 0.484458 0.015377 0.012566
0 0.509425 0.477183 0.008929 0.011905
0 0.571305 0.437831 0.007688 0.010582
0 0.550471 0.389716 0.008681 0.020172
0 0.536706 0.382606 0.011409 0.014550
0 0.551959 0.361442 0.011657 0.015212
0 0.506324 0.351687 0.015129 0.010251
0 0.493924 0.365245 0.009673 0.012235
0 0.446801 0.384921 0.004712 0.011243
0 0.465030 0.412864 0.008433 0.011574
0 0.418155 0.436343 0.008433 0.013558
0 0.425223 0.531085 0.012153 0.013228
0 0.461558 0.553241 0.017361 0.021825
0 0.454489 0.549769 0.010665 0.014881
0 0.455357 0.610450 0.010913 0.014550
0 0.458953 0.620536 0.007688 0.011574
0 0.597346 0.472388 0.007192 0.009590
0 0.595362 0.494544 0.012153 0.015542
0 0.627480 0.479663 0.010417 0.012235
0 0.598958 0.415675 0.007440 0.007937
0 0.641865 0.434028 0.013889 0.014220
0 0.646205 0.374835 0.009673 0.008929
0 0.658730 0.413360 0.006448 0.015873
0 0.661830 0.441303 0.011161 0.011574
0 0.653894 0.500827 0.009177 0.016204
0 0.709573 0.472388 0.007937 0.011574
0 0.707589 0.456019 0.007440 0.011243
0 0.731523 0.462798 0.010169 0.012235
0 0.701885 0.358796 0.010417 0.010582
0 0.542039 0.298446 0.011657 0.012235
0 0.537698 0.332507 0.004960 0.013558
0 0.573537 0.299438 0.017113 0.020172
0 0.575273 0.313823 0.010169 0.018519
0 0.593254 0.323909 0.011905 0.018188
0 0.607143 0.335979 0.012897 0.019841
0 0.521329 0.294147 0.009425 0.026124
0 0.512401 0.278274 0.006448 0.013558
0 0.553819 0.692626 0.012897 0.015542
0 0.575273 0.682540 0.005704 0.011905
0 0.597470 0.688327 0.005456 0.010913
0 0.496156 0.599372 0.006200 0.008267
0 0.553447 0.597884 0.007192 0.009259
0 0.591022 0.551257 0.005952 0.018519
0 0.595610 0.521991 0.007192 0.008929
0 0.592510 0.567130 0.005952 0.009921
0 0.617684 0.583003 0.009177 0.009259
0 0.606895 0.626819 0.010913 0.010913
0 0.658606 0.598380 0.007192 0.014881
0 0.690724 0.529597 0.008929 0.010251
0 0.703497 0.559028 0.007192 0.008929
0 0.692460 0.566138 0.014385 0.013228
0 0.681548 0.571098 0.008433 0.012566
0 0.687748 0.620040 0.009921 0.007937
0 0.649058 0.650794 0.009425 0.018519
