0 0.453497 0.504134 0.009673 0.018188
0 0.466642 0.543155 0.011657 0.019511
0 0.477431 0.526786 0.007937 0.011243
0 0.461186 0.581515 0.010665 0.016204
0 0.474578 0.592262 0.013145 0.010582
0 0.480655 0.637401 0.010913 0.018188
0 0.511285 0.631614 0.011657 0.011243
0 0.573537 0.641204 0.007192 0.013228
0 0.580729 0.660880 0.009673 0.014220
0 0.566592 0.694610 0.008185 0.014881
0 0.598214 0.695106 0.008929 0.015212
0 0.610863 0.645833 0.019345 0.019180
0 0.600198 0.560516 0.010913 0.010582
0 0.624628 0.561508 0.008681 0.008598
0 0.686508 0.622024 0.010417 0.017857
0 0.708829 0.628142 0.012401 0.013558
0 0.736359 0.619048 0.010913 0.017857
0 0.426091 0.419643 0.010417 0.022487
0 0.446429 0.398810 0.007937 0.007937
0 0.474578 0.436343 0.007688 0.009590
0 0.571429 0.483466 0.012897 0.012566
0 0.598586 0.486442 0.009673 0.010582
0 0.603671 0.455522 0.008433 0.010251
0 0.564980 0.430060 0.012897 0.018188
0 0.569072 0.405093 0.014137 0.019180
0 0.578125 0.394015 0.009425 0.010251
0 0.581225 0.414352 0.011161 0.010582
0 0.604291 0.398313 0.013641 0.015542
0 0.540551 0.366733 0.011161 0.011905
0 0.487103 0.333499 0.010417 0.015542
0 0.478299 0.297619 0.008185 0.025794
0 0.564484 0.343089 0.010913 0.019511
0 0.515997 0.352183 0.013145 0.015873
0 0.520709 0.266700 0.008185 0.010251
0 0.552455 0.266204 0.013145 0.025794
0 0.612847 0.246528 0.016865 0.017526
0 0.624256 0.239749 0.015377 0.033730
0 0.586682 0.296958 0.012153 0.013889
0 0.610119 0.324405 0.010913 0.011243
0 0.618800 0.336806 0.007440 0.016204
0 0.659846 0.318618 0.012153 0.013558
0 0.637525 0.430556 0.014633 0.017857
0 0.666791 0.404597 0.010665 0.012235
0 0.649430 0.463790 0.009177 0.010251
0 0.653398 0.528604 0.013145 0.010251
0 0.689732 0.479167 0.010417 0.015212
0 0.688740 0.423776 0.005952 0.011574
0 0.685020 0.405093 0.009921 0.009259
0 0.706597 0.439319 0.010417 0.016865
0 0.746156 0.433036 0.008185 0.012897
0 0.756200 0.420470 0.011409 0.015542
0 0.705977 0.500827 0.013641 0.011574
0 0.720114 0.520007 0.009177 0.008929
0 0.691096 0.500827 0.010169 0.010913
0 0.697793 0.535384 0.013641 0.015212
