0 0.476314 0.594577 0.014633 0.023148
0 0.506324 0.631779 0.009673 0.014881
0 0.475694 0.634755 0.010913 0.020833
0 0.454737 0.584325 0.012153 0.016534
0 0.576513 0.642692 0.012649 0.014220
0 0.584201 0.649967 0.015129 0.018849
0 0.570437 0.685681 0.014385 0.024140
0 0.597718 0.695106 0.010913 0.018519
0 0.637277 0.630622 0.014633 0.018519
0 0.691096 0.611111 0.017609 0.021825
0 0.725570 0.625165 0.017113 0.014220
0 0.596602 0.550761 0.012153 0.013558
0 0.627976 0.560020 0.017857 0.016865
0 0.747148 0.613591 0.014633 0.014881
0 0.717014 0.512401 0.011409 0.019511
0 0.704985 0.523479 0.017609 0.015212
0 0.703373 0.492725 0.014385 0.025794
0 0.690352 0.466104 0.011161 0.022156
0 0.698661 0.438988 0.015377 0.015542
0 0.753720 0.426091 0.014385 0.013558
0 0.654886 0.311343 0.015129 0.018188
0 0.678943 0.399802 0.015625 0.013889
0 0.666915 0.398975 0.013889 0.016865
0 0.680680 0.417328 0.014633 0.019180
0 0.645461 0.417163 0.017113 0.024802
0 0.647693 0.458499 0.012649 0.013558
0 0.625248 0.420304 0.013393 0.020503
0 0.597098 0.449074 0.012153 0.017196
0 0.642237 0.523148 0.017113 0.015873
0 0.594618 0.475033 0.014633 0.014220
0 0.569444 0.470734 0.013889 0.017526
0 0.562252 0.427910 0.017361 0.025132
0 0.564608 0.413029 0.010169 0.015873
0 0.571181 0.420304 0.013393 0.027116
0 0.581969 0.405589 0.014633 0.016204
0 0.587922 0.393188 0.012649 0.025132
0 0.573909 0.398148 0.015377 0.016534
0 0.555928 0.402282 0.019593 0.020172
0 0.540303 0.370536 0.018105 0.017526
0 0.560268 0.342593 0.011905 0.019180
0 0.588914 0.304563 0.019593 0.019841
0 0.603299 0.326885 0.012649 0.016865
0 0.618180 0.327381 0.017113 0.026455
0 0.555184 0.275463 0.016121 0.021164
0 0.553075 0.258763 0.017857 0.019511
0 0.518353 0.274140 0.014385 0.021164
0 0.474454 0.314649 0.012401 0.036045
0 0.482391 0.334987 0.012897 0.014550
0 0.514509 0.356316 0.015625 0.019511
0 0.445312 0.398810 0.012153 0.015212
0 0.475942 0.437500 0.011409 0.011243
0 0.458333 0.494378 0.012897 0.021164
0 0.466270 0.532242 0.011905 0.016865
0 0.483135 0.523479 0.013889 0.021164
0 0.425471 0.415840 0.012649 0.016204
