0 0.540799 0.373843 0.012153 0.013558
0 0.554936 0.353671 0.009177 0.014881
0 0.574653 0.383433 0.011905 0.025463
0 0.558532 0.436343 0.007937 0.013558
0 0.539311 0.452216 0.010665 0.013558
0 0.563864 0.449901 0.010665 0.010913
0 0.575149 0.435351 0.010417 0.011574
0 0.584945 0.419478 0.005208 0.010913
0 0.563492 0.488261 0.008433 0.019511
0 0.602803 0.468089 0.013641 0.010913
0 0.615327 0.467593 0.007440 0.011905
0 0.602555 0.503638 0.008681 0.009921
0 0.641741 0.476190 0.007688 0.013228
0 0.639881 0.435847 0.012401 0.011905
0 0.631944 0.414352 0.009921 0.009259
0 0.657986 0.419643 0.006448 0.010582
0 0.594122 0.566138 0.010169 0.011905
0 0.640749 0.573909 0.010665 0.010913
0 0.664807 0.563327 0.008681 0.012235
0 0.643725 0.523810 0.009177 0.011243
0 0.673859 0.547950 0.009921 0.013228
0 0.689732 0.517196 0.007440 0.013889
0 0.704737 0.536376 0.012153 0.019841
0 0.716146 0.542659 0.010665 0.010582
0 0.712302 0.622024 0.010913 0.015873
0 0.663690 0.625331 0.010913 0.011905
0 0.672247 0.636905 0.008185 0.009921
0 0.565352 0.626819 0.006200 0.011574
0 0.565476 0.676257 0.013889 0.015212
0 0.596478 0.690642 0.006448 0.010913
0 0.560144 0.697917 0.006696 0.010913
0 0.537326 0.689319 0.015129 0.014220
0 0.473834 0.579696 0.012649 0.025794
0 0.464286 0.602679 0.011905 0.012897
0 0.471230 0.628638 0.009921 0.017196
0 0.503224 0.619213 0.007440 0.009590
0 0.460069 0.547950 0.009425 0.018519
0 0.466766 0.536376 0.007440 0.010582
0 0.441964 0.520007 0.012897 0.018849
0 0.425967 0.431052 0.008681 0.016865
0 0.447421 0.395007 0.005456 0.010251
0 0.470238 0.426753 0.005952 0.012235
0 0.490823 0.350364 0.007440 0.019511
0 0.507937 0.348876 0.011409 0.009259
0 0.524182 0.349372 0.007688 0.016204
0 0.568328 0.301257 0.012649 0.013228
0 0.481399 0.295966 0.014385 0.021825
0 0.685268 0.421958 0.007440 0.011243
0 0.699033 0.443618 0.006200 0.012897
0 0.715278 0.445106 0.006448 0.008598
0 0.722594 0.450728 0.008681 0.009921
0 0.713914 0.470073 0.009673 0.011574
0 0.658234 0.353175 0.011409 0.014550
0 0.713790 0.337302 0.006944 0.007937
0 0.612971 0.343585 0.008681 0.015212
0 0.611483 0.327712 0.011657 0.020503
0 0.603299 0.287368 0.013145 0.020503
0 0.589534 0.269015 0.009921 0.019511
0 0.602183 0.261409 0.018849 0.018188
0 0.546627 0.246032 0.012897 0.016534
0 0.533110 0.263228 0.012649 0.011905
0 0.495660 0.262401 0.010665 0.024140
0 0.513393 0.263393 0.005952 0.008267
0 0.448661 0.316138 0.010417 0.013889
