0 0.673363 0.650794 0.012401 0.021825
0 0.628348 0.637235 0.013641 0.009259
0 0.673983 0.591601 0.016121 0.011905
0 0.697793 0.622354 0.008681 0.010582
0 0.721726 0.581515 0.009425 0.022156
0 0.724950 0.595073 0.009425 0.016204
0 0.677455 0.461971 0.010169 0.024471
0 0.669023 0.510417 0.013145 0.017526
0 0.688740 0.515212 0.011409 0.009259
0 0.681920 0.538525 0.009673 0.012897
0 0.735987 0.474372 0.009673 0.010913
0 0.746528 0.487269 0.008929 0.009590
0 0.640129 0.456515 0.008433 0.008929
0 0.624008 0.511905 0.008433 0.009921
0 0.565724 0.500827 0.008929 0.008267
0 0.571057 0.487269 0.006696 0.010251
0 0.579985 0.454200 0.009673 0.006944
0 0.510789 0.498347 0.005208 0.013889
0 0.506448 0.517196 0.008433 0.008598
0 0.454613 0.509921 0.008929 0.016534
0 0.477927 0.502315 0.006944 0.019841
0 0.417163 0.451720 0.016369 0.012566
0 0.404018 0.473876 0.008929 0.018519
0 0.449281 0.549769 0.022569 0.012235
0 0.431424 0.592593 0.008681 0.013228
0 0.462798 0.596396 0.008929 0.018849
0 0.579737 0.572421 0.009177 0.013889
0 0.601811 0.565146 0.009177 0.012566
0 0.608631 0.567626 0.005952 0.008267
0 0.580109 0.599372 0.006448 0.013558
0 0.595610 0.621528 0.026042 0.010913
0 0.613467 0.616733 0.007688 0.014550
0 0.646205 0.586806 0.006696 0.011574
0 0.571429 0.676753 0.007440 0.009590
0 0.618676 0.675265 0.005208 0.007937
0 0.614211 0.707507 0.013145 0.008929
0 0.730283 0.403274 0.012649 0.018849
0 0.703993 0.379630 0.019593 0.009259
0 0.646329 0.401786 0.010417 0.010582
0 0.551091 0.403274 0.010913 0.014881
0 0.580605 0.372851 0.010417 0.009590
0 0.480283 0.384094 0.008681 0.011574
0 0.484251 0.380622 0.006200 0.011243
0 0.634673 0.341766 0.007440 0.008267
0 0.640625 0.354663 0.008929 0.005622
0 0.577009 0.328208 0.010665 0.010913
0 0.574653 0.320933 0.008433 0.008929
0 0.516865 0.336806 0.015873 0.013558
0 0.489211 0.333003 0.019097 0.015873
0 0.640749 0.290179 0.007192 0.014220
0 0.617188 0.305060 0.016617 0.009590
0 0.598338 0.272983 0.026538 0.010913
0 0.491691 0.276124 0.008681 0.009259
0 0.558284 0.260913 0.006448 0.009259
