0 0.551959 0.612269 0.006200 0.014881
0 0.598834 0.605655 0.009673 0.014220
0 0.581969 0.645503 0.015625 0.023148
0 0.617560 0.624835 0.009425 0.010251
0 0.622768 0.612434 0.009921 0.009259
0 0.628224 0.655093 0.010417 0.009921
0 0.602307 0.654597 0.008681 0.009590
0 0.649678 0.593089 0.010665 0.036045
0 0.667907 0.605159 0.016369 0.011243
0 0.670511 0.644015 0.009177 0.008267
0 0.596974 0.560351 0.006448 0.019511
0 0.583333 0.553737 0.007440 0.018188
0 0.579117 0.565311 0.004464 0.011574
0 0.581969 0.574405 0.004712 0.008598
0 0.551091 0.564319 0.009425 0.013558
0 0.442832 0.568122 0.017113 0.013228
0 0.462550 0.583499 0.017361 0.020833
0 0.447421 0.541336 0.007937 0.015873
0 0.438616 0.516700 0.007192 0.010251
0 0.470858 0.517030 0.006200 0.009590
0 0.578745 0.517692 0.006200 0.010251
0 0.625372 0.514220 0.009177 0.009259
0 0.643725 0.516204 0.017113 0.015212
0 0.626984 0.530093 0.016369 0.009259
0 0.645957 0.483962 0.012649 0.012235
0 0.603299 0.472884 0.014633 0.013889
0 0.676463 0.490245 0.006200 0.008267
0 0.683036 0.492725 0.011409 0.011905
0 0.715154 0.490741 0.005704 0.012566
0 0.684028 0.462467 0.006944 0.011574
0 0.689360 0.456184 0.007192 0.011574
0 0.738343 0.453208 0.006944 0.016204
0 0.465526 0.466601 0.014385 0.010582
0 0.489583 0.462302 0.007937 0.011905
0 0.383557 0.445933 0.005704 0.009590
0 0.706597 0.429233 0.006944 0.015873
0 0.649306 0.418155 0.005952 0.008267
0 0.531250 0.396495 0.011409 0.016534
0 0.594370 0.371032 0.009177 0.010582
0 0.476066 0.344742 0.013641 0.018849
0 0.568204 0.340774 0.019841 0.020833
0 0.592386 0.332507 0.006696 0.010913
0 0.612847 0.315146 0.007440 0.011905
0 0.613715 0.293651 0.011161 0.011243
0 0.623388 0.315642 0.013145 0.010913
0 0.619668 0.336310 0.007192 0.007275
0 0.556424 0.260913 0.008185 0.016534
0 0.596230 0.270999 0.009425 0.012235
0 0.500744 0.250331 0.011409 0.011243
0 0.577381 0.690146 0.006944 0.009259
0 0.463790 0.685516 0.008433 0.011905
