0 0.608259 0.702877 0.014137 0.011574
0 0.612723 0.669312 0.005704 0.009921
0 0.627356 0.636905 0.015129 0.011243
0 0.672495 0.640212 0.014137 0.011905
0 0.561880 0.677745 0.009177 0.010251
0 0.581845 0.622851 0.025298 0.010251
0 0.639881 0.585317 0.006448 0.011905
0 0.667783 0.594081 0.013145 0.013558
0 0.606895 0.612930 0.006448 0.011574
0 0.597346 0.563327 0.006200 0.011574
0 0.578373 0.571429 0.009425 0.013228
0 0.578869 0.595569 0.005952 0.016534
0 0.603547 0.569444 0.010169 0.010582
0 0.428199 0.588294 0.009673 0.011243
0 0.460317 0.594411 0.009425 0.018849
0 0.693576 0.625331 0.008681 0.010582
0 0.714782 0.591601 0.008929 0.019180
0 0.720238 0.594907 0.009921 0.011243
0 0.624256 0.511905 0.008433 0.009259
0 0.572917 0.488261 0.006448 0.008267
0 0.569692 0.496032 0.008929 0.008598
0 0.579861 0.456019 0.008433 0.005952
0 0.636037 0.456515 0.010169 0.008267
0 0.678075 0.462136 0.010913 0.025463
0 0.671999 0.507937 0.009177 0.015212
0 0.685764 0.514716 0.010913 0.012235
0 0.683904 0.531085 0.007192 0.013228
0 0.739459 0.469577 0.009673 0.010582
0 0.749504 0.479993 0.007937 0.008267
0 0.454365 0.515212 0.010417 0.021164
0 0.460317 0.540179 0.017361 0.014220
0 0.482391 0.490741 0.011905 0.014550
0 0.509053 0.489253 0.005208 0.018849
0 0.506572 0.518353 0.010665 0.013558
0 0.403522 0.460483 0.008929 0.022156
0 0.418155 0.441303 0.013393 0.014881
0 0.700521 0.384425 0.017113 0.012897
0 0.722222 0.400794 0.008433 0.013228
0 0.633061 0.343915 0.006200 0.009259
0 0.636285 0.354497 0.011657 0.007937
0 0.584945 0.369048 0.011161 0.009921
0 0.550967 0.390708 0.012649 0.018188
0 0.576265 0.336475 0.012153 0.013558
0 0.578001 0.316634 0.011657 0.011574
0 0.620536 0.303737 0.016369 0.010913
0 0.640005 0.292659 0.009673 0.015212
0 0.521453 0.327381 0.012153 0.011243
0 0.489335 0.315642 0.017361 0.016865
0 0.480283 0.376323 0.010169 0.013889
0 0.641369 0.401290 0.008433 0.008929
0 0.601066 0.271991 0.026042 0.014881
0 0.492312 0.273479 0.009921 0.014550
0 0.558904 0.260417 0.006696 0.008929
