0 0.626488 0.516700 0.009425 0.011574
0 0.630332 0.466270 0.014137 0.011905
0 0.680308 0.463790 0.015377 0.021495
0 0.678943 0.507110 0.009177 0.012897
0 0.685392 0.515708 0.009673 0.009590
0 0.692336 0.521495 0.007688 0.013228
0 0.555432 0.366733 0.015129 0.019841
0 0.569568 0.349868 0.017609 0.015212
0 0.590278 0.366237 0.008929 0.008929
0 0.624504 0.361938 0.013889 0.008267
0 0.635293 0.350364 0.008681 0.012897
0 0.588170 0.317626 0.016617 0.015542
0 0.624628 0.306548 0.015129 0.009921
0 0.637029 0.299769 0.007192 0.012897
0 0.603051 0.269511 0.021577 0.017196
0 0.660218 0.643188 0.010417 0.011905
0 0.689608 0.631614 0.009673 0.010582
0 0.710938 0.598380 0.010169 0.010251
0 0.704489 0.601852 0.010665 0.027778
0 0.659474 0.604167 0.008929 0.009921
0 0.632564 0.636409 0.014633 0.010251
0 0.609995 0.661872 0.007192 0.018849
0 0.600818 0.698909 0.014137 0.014220
0 0.549603 0.684524 0.009921 0.008598
0 0.473958 0.529597 0.014385 0.011574
0 0.456101 0.524802 0.009425 0.017196
0 0.504588 0.520007 0.009673 0.012235
0 0.456225 0.591435 0.011161 0.018188
0 0.422867 0.590112 0.006944 0.012235
0 0.491567 0.482474 0.010417 0.009259
0 0.504836 0.472057 0.008681 0.011574
0 0.555928 0.620536 0.026042 0.011574
0 0.596602 0.614253 0.006696 0.008267
0 0.581845 0.590278 0.007937 0.019841
0 0.574777 0.570933 0.010169 0.014220
0 0.593998 0.560020 0.009425 0.007606
0 0.598834 0.574239 0.008185 0.009590
0 0.630952 0.585483 0.009425 0.014220
0 0.745536 0.466601 0.009921 0.009921
0 0.748140 0.474206 0.009177 0.008598
0 0.716270 0.407077 0.010417 0.013228
0 0.701885 0.397487 0.010913 0.012566
0 0.639385 0.404597 0.008929 0.008929
0 0.559400 0.261409 0.006200 0.010913
0 0.492684 0.266700 0.007688 0.010913
0 0.484127 0.285384 0.014881 0.016534
0 0.527778 0.309524 0.009425 0.009921
0 0.575397 0.495536 0.009425 0.012235
0 0.583457 0.465278 0.006696 0.011243
0 0.478671 0.366237 0.007440 0.013558
0 0.482639 0.374339 0.008433 0.013889
0 0.418155 0.428241 0.008929 0.017196
0 0.395957 0.445933 0.014137 0.015542
