0 0.567336 0.393188 0.009673 0.018519
0 0.574653 0.405919 0.010417 0.015542
0 0.581721 0.369378 0.010169 0.016534
0 0.586062 0.359954 0.009921 0.013558
0 0.594742 0.374339 0.011905 0.011905
0 0.586310 0.389716 0.013393 0.018188
0 0.605779 0.357804 0.014137 0.015873
0 0.583333 0.439980 0.009425 0.019511
0 0.598834 0.429067 0.011161 0.012897
0 0.600074 0.458829 0.011161 0.014220
0 0.625992 0.396825 0.008929 0.012566
0 0.653522 0.433532 0.012401 0.014550
0 0.659474 0.391700 0.013393 0.016204
0 0.678695 0.374008 0.014633 0.014550
0 0.685268 0.390212 0.013889 0.015873
0 0.711434 0.418155 0.012649 0.016204
0 0.703745 0.438823 0.015129 0.015212
0 0.706845 0.453373 0.011409 0.013889
0 0.722718 0.472718 0.011409 0.015542
0 0.726066 0.482474 0.011657 0.011243
0 0.720362 0.491898 0.021577 0.014881
0 0.471850 0.516865 0.012153 0.018519
0 0.498512 0.509921 0.018353 0.017857
0 0.467014 0.471065 0.008929 0.015542
0 0.483259 0.421627 0.014633 0.015873
0 0.486731 0.568287 0.016617 0.014220
0 0.457341 0.576720 0.011905 0.014550
0 0.485491 0.615410 0.010169 0.015212
0 0.520709 0.612765 0.012649 0.011905
0 0.600446 0.628307 0.015873 0.012566
0 0.584449 0.628803 0.013145 0.013558
0 0.584821 0.654266 0.012401 0.022156
0 0.602431 0.675761 0.013393 0.014220
0 0.668031 0.598710 0.016617 0.014881
0 0.698909 0.586806 0.017361 0.016204
0 0.606523 0.532738 0.014137 0.012566
0 0.642113 0.534557 0.015377 0.016865
0 0.637897 0.489087 0.014881 0.011905
0 0.778274 0.479497 0.011409 0.017196
0 0.771825 0.400298 0.013889 0.016204
0 0.659226 0.275463 0.013889 0.011905
0 0.610367 0.306052 0.013889 0.014220
0 0.627976 0.289683 0.012897 0.018519
0 0.600694 0.283234 0.017857 0.017526
0 0.565352 0.258598 0.009673 0.017857
0 0.562872 0.228836 0.013145 0.015212
0 0.565476 0.318948 0.011905 0.018188
0 0.547619 0.346396 0.006944 0.012235
0 0.554315 0.368552 0.007937 0.013558
0 0.519965 0.336640 0.010169 0.015873
0 0.522941 0.330688 0.010169 0.011243
0 0.492932 0.315146 0.018105 0.015212
0 0.481399 0.309358 0.013393 0.031415
0 0.501612 0.250496 0.019097 0.016865
0 0.519593 0.240410 0.008433 0.011905
0 0.644221 0.213459 0.015625 0.022156
0 0.450273 0.379960 0.011161 0.017196
0 0.428447 0.395172 0.007688 0.013228
