0 0.439608 0.512566 0.013145 0.014550
0 0.460441 0.526455 0.009673 0.013889
0 0.458085 0.547950 0.016369 0.014550
0 0.580853 0.504630 0.005456 0.009921
0 0.584573 0.515708 0.008433 0.009590
0 0.557168 0.574901 0.009177 0.010913
0 0.583705 0.548115 0.006696 0.008929
0 0.584573 0.563161 0.006944 0.008598
0 0.580605 0.580853 0.008433 0.010251
0 0.624008 0.557044 0.010913 0.012235
0 0.631324 0.529101 0.005704 0.009259
0 0.640129 0.530258 0.010417 0.009590
0 0.699281 0.419974 0.011657 0.026455
0 0.701017 0.448909 0.015625 0.008929
0 0.714534 0.451224 0.007440 0.008929
0 0.741195 0.452216 0.008681 0.012897
0 0.728051 0.481647 0.006696 0.014881
0 0.720982 0.582011 0.009425 0.012566
0 0.708209 0.482474 0.010665 0.012566
0 0.700521 0.496032 0.011657 0.012566
0 0.675223 0.501819 0.006696 0.008267
0 0.639013 0.464286 0.012649 0.007937
0 0.662698 0.494048 0.006944 0.011243
0 0.574529 0.355655 0.012153 0.018849
0 0.603919 0.341601 0.007440 0.011905
0 0.639137 0.327546 0.015377 0.013558
0 0.601687 0.268519 0.010417 0.016534
0 0.625744 0.276620 0.007440 0.016865
0 0.611111 0.301422 0.008929 0.007606
0 0.570064 0.278274 0.008681 0.015542
0 0.484499 0.271991 0.010665 0.006944
0 0.485863 0.344577 0.010417 0.023810
0 0.530010 0.424769 0.013393 0.024802
0 0.617436 0.366237 0.005208 0.016865
0 0.588170 0.395999 0.005704 0.008267
0 0.636657 0.430556 0.014385 0.009259
0 0.421751 0.556548 0.010169 0.030423
0 0.389633 0.436673 0.005456 0.008929
0 0.439360 0.462302 0.011657 0.007937
0 0.507192 0.446925 0.011409 0.008267
0 0.540675 0.605655 0.007440 0.007606
0 0.577381 0.627646 0.009425 0.011243
0 0.593502 0.632110 0.015873 0.020172
0 0.658730 0.606151 0.005952 0.009921
0 0.623264 0.626323 0.012401 0.009259
0 0.616567 0.637401 0.009425 0.018849
0 0.608755 0.634425 0.006200 0.008929
0 0.597346 0.661872 0.006200 0.011574
0 0.574157 0.699239 0.007440 0.010913
0 0.616443 0.673942 0.009177 0.015212
0 0.465402 0.674438 0.011657 0.010913
