0 0.583085 0.548446 0.007440 0.006944
0 0.583457 0.562831 0.006696 0.008598
0 0.582093 0.579696 0.007440 0.010582
0 0.621032 0.557540 0.008433 0.013228
0 0.632440 0.532077 0.006448 0.007937
0 0.644097 0.530589 0.010417 0.010913
0 0.585069 0.513724 0.008433 0.009590
0 0.579489 0.503638 0.005704 0.006614
0 0.665675 0.494544 0.005952 0.013558
0 0.677207 0.505622 0.005208 0.009259
0 0.706101 0.500331 0.005952 0.013228
0 0.712302 0.485946 0.011409 0.011574
0 0.728795 0.484458 0.005704 0.014550
0 0.740451 0.455192 0.009177 0.010251
0 0.695561 0.430721 0.011161 0.025463
0 0.704365 0.448413 0.012401 0.009259
0 0.715526 0.454696 0.006448 0.008598
0 0.635045 0.434524 0.015625 0.010582
0 0.645213 0.460483 0.009673 0.008267
0 0.575645 0.355655 0.011409 0.018188
0 0.602183 0.345073 0.009425 0.011574
0 0.618056 0.372851 0.006944 0.014881
0 0.641617 0.326720 0.016369 0.009921
0 0.571801 0.286376 0.005704 0.009259
0 0.616319 0.296462 0.009425 0.017526
0 0.603423 0.300761 0.004464 0.004960
0 0.602555 0.263228 0.009177 0.014550
0 0.627480 0.272487 0.006944 0.021164
0 0.529638 0.423942 0.011657 0.027116
0 0.585069 0.399306 0.009425 0.008929
0 0.586930 0.419974 0.006696 0.005952
0 0.514013 0.444610 0.010665 0.007606
0 0.485987 0.341766 0.006696 0.023479
0 0.490079 0.341601 0.008433 0.006614
0 0.449529 0.355159 0.004712 0.006614
0 0.390005 0.435351 0.006200 0.008267
0 0.435888 0.460483 0.009177 0.010251
0 0.434400 0.508929 0.009673 0.010582
0 0.481647 0.274306 0.005456 0.005622
0 0.549727 0.251819 0.003720 0.005622
0 0.559400 0.573909 0.009177 0.010913
0 0.538070 0.606978 0.008185 0.008267
0 0.572297 0.624339 0.008185 0.011243
0 0.597718 0.624835 0.019345 0.018849
0 0.625868 0.628803 0.013641 0.009590
0 0.608383 0.636905 0.008433 0.009259
0 0.609747 0.645007 0.008681 0.018188
0 0.660962 0.609458 0.007937 0.009259
0 0.720858 0.585979 0.010169 0.013889
0 0.600322 0.664683 0.005208 0.011905
0 0.620784 0.672950 0.006944 0.016534
0 0.574777 0.698909 0.007192 0.010251
0 0.465526 0.672454 0.011905 0.008267
0 0.419891 0.547950 0.008433 0.028439
0 0.458953 0.524471 0.008185 0.012566
0 0.457837 0.543155 0.012401 0.014220
