0 0.571553 0.620536 0.027034 0.012235
0 0.580233 0.593089 0.006696 0.018849
0 0.577009 0.570437 0.010665 0.013889
0 0.595982 0.560351 0.006944 0.013558
0 0.602059 0.570933 0.009177 0.008267
0 0.630580 0.636409 0.014633 0.009590
0 0.668775 0.639716 0.017609 0.014881
0 0.691592 0.628638 0.009673 0.009921
0 0.666047 0.598876 0.008185 0.011243
0 0.637401 0.586310 0.007440 0.011905
0 0.552703 0.380622 0.013145 0.020503
0 0.587674 0.366237 0.009177 0.009590
0 0.574529 0.340774 0.013641 0.015542
0 0.583209 0.317626 0.012649 0.012235
0 0.625124 0.513889 0.009673 0.010582
0 0.676091 0.505622 0.008433 0.011905
0 0.685888 0.515212 0.009673 0.009921
0 0.687376 0.526290 0.005704 0.012897
0 0.679812 0.460317 0.014385 0.024471
0 0.634549 0.458499 0.013145 0.009590
0 0.574033 0.491733 0.006200 0.009259
0 0.572297 0.496032 0.007192 0.008598
0 0.579985 0.459491 0.005208 0.008267
0 0.699405 0.387401 0.010417 0.010913
0 0.718378 0.401786 0.006200 0.009259
0 0.740947 0.467097 0.010169 0.009590
0 0.748264 0.477017 0.009425 0.007606
0 0.709449 0.596396 0.009177 0.020833
0 0.715278 0.596396 0.008929 0.011574
0 0.604415 0.613757 0.005456 0.007275
0 0.605531 0.702216 0.012649 0.010913
0 0.612103 0.668155 0.005456 0.014220
0 0.558532 0.682044 0.008929 0.008929
0 0.640749 0.399802 0.004712 0.007937
0 0.632937 0.355159 0.011409 0.007275
0 0.634921 0.345073 0.007440 0.006283
0 0.602679 0.270007 0.023313 0.016204
0 0.623512 0.304233 0.015377 0.010582
0 0.639509 0.295635 0.007688 0.013889
0 0.425347 0.586806 0.007440 0.010251
0 0.457837 0.592593 0.008929 0.017196
0 0.467386 0.532573 0.018601 0.010913
0 0.455233 0.519511 0.009673 0.017196
0 0.486607 0.485946 0.010913 0.009590
0 0.506696 0.517196 0.009425 0.011905
0 0.508557 0.482970 0.005704 0.019511
0 0.525422 0.319114 0.012153 0.011905
0 0.487227 0.302249 0.015625 0.015212
0 0.492436 0.270503 0.008185 0.013228
0 0.560640 0.260582 0.006200 0.009921
0 0.401538 0.454696 0.009425 0.022487
0 0.417659 0.436343 0.013889 0.016204
0 0.483631 0.375992 0.005456 0.015873
0 0.478795 0.371032 0.006696 0.012566
