0 0.606771 0.615245 0.019593 0.019511
0 0.627728 0.627315 0.009425 0.009921
0 0.603299 0.636905 0.007688 0.008598
0 0.624380 0.668155 0.006696 0.023479
0 0.599330 0.655589 0.009177 0.016865
0 0.599826 0.667659 0.006696 0.016534
0 0.663690 0.613922 0.007440 0.011574
0 0.614583 0.558862 0.008929 0.011905
0 0.631324 0.537864 0.005208 0.008267
0 0.646949 0.529597 0.010665 0.012897
0 0.419147 0.527282 0.008929 0.032077
0 0.435144 0.504134 0.010665 0.011574
0 0.459573 0.520503 0.007440 0.013228
0 0.461558 0.537864 0.010417 0.012235
0 0.562376 0.621528 0.010665 0.013558
0 0.572545 0.697917 0.008185 0.010251
0 0.533606 0.603175 0.009673 0.007937
0 0.563616 0.572917 0.010169 0.010251
0 0.581845 0.578208 0.007937 0.010251
0 0.581721 0.553241 0.007192 0.007937
0 0.581473 0.564319 0.006696 0.008929
0 0.644469 0.328208 0.015129 0.009590
0 0.599330 0.350860 0.008185 0.011905
0 0.618304 0.377646 0.008929 0.019841
0 0.604291 0.257606 0.009177 0.014550
0 0.629340 0.266204 0.005208 0.013889
0 0.621900 0.296958 0.006200 0.007275
0 0.575149 0.293651 0.005952 0.009259
0 0.580977 0.363261 0.013145 0.016204
0 0.583953 0.403274 0.009177 0.008929
0 0.531746 0.425265 0.009425 0.025794
0 0.519965 0.445933 0.010665 0.010251
0 0.484375 0.336310 0.008929 0.023810
0 0.494544 0.339120 0.011409 0.009590
0 0.394841 0.433532 0.005952 0.007275
0 0.436260 0.452712 0.005952 0.007937
0 0.693204 0.443122 0.008433 0.022487
0 0.710813 0.446759 0.008929 0.009259
0 0.718626 0.457837 0.008681 0.008267
0 0.733755 0.484458 0.005208 0.012566
0 0.718254 0.489749 0.013393 0.011243
0 0.745412 0.456515 0.009673 0.007606
0 0.650794 0.453704 0.014385 0.008598
0 0.666667 0.494544 0.007937 0.015542
0 0.680060 0.508929 0.006448 0.011243
0 0.707341 0.505126 0.006944 0.012235
0 0.720982 0.590774 0.009425 0.012897
0 0.629216 0.433532 0.014881 0.007937
0 0.370908 0.463294 0.023065 0.013228
0 0.482391 0.280093 0.005952 0.007937
0 0.584697 0.509425 0.014137 0.013558
0 0.467634 0.673446 0.015625 0.010913
