0 0.571429 0.483962 0.014881 0.014220
0 0.559400 0.434524 0.012153 0.015212
0 0.569816 0.434028 0.009177 0.010251
0 0.570561 0.397487 0.008681 0.015212
0 0.571925 0.406581 0.011409 0.014220
0 0.580481 0.423446 0.012649 0.010251
0 0.541171 0.366733 0.010417 0.011905
0 0.562004 0.339782 0.009425 0.012897
0 0.612971 0.404597 0.011657 0.015542
0 0.608507 0.458499 0.005704 0.008929
0 0.604415 0.487269 0.006944 0.009590
0 0.633309 0.443122 0.009673 0.019841
0 0.638393 0.428241 0.010417 0.011243
0 0.648934 0.466601 0.008185 0.011243
0 0.665675 0.410880 0.007937 0.013558
0 0.488219 0.337302 0.007192 0.016534
0 0.516369 0.352348 0.013889 0.012897
0 0.480903 0.295635 0.009921 0.024471
0 0.546255 0.268022 0.010169 0.022817
0 0.521453 0.271495 0.009673 0.012566
0 0.584201 0.299438 0.013145 0.014881
0 0.610863 0.256118 0.014385 0.016204
0 0.619544 0.244544 0.015873 0.033399
0 0.660466 0.326720 0.011409 0.018519
0 0.612227 0.326224 0.010169 0.016204
0 0.615451 0.340278 0.009177 0.014550
0 0.687624 0.408069 0.009673 0.015873
0 0.690104 0.428737 0.009177 0.015542
0 0.706597 0.436343 0.008929 0.010913
0 0.739583 0.434524 0.007440 0.009259
0 0.746652 0.433532 0.007192 0.015212
0 0.687500 0.487930 0.009425 0.013558
0 0.680680 0.507110 0.010169 0.016865
0 0.710069 0.512401 0.011409 0.014881
0 0.720486 0.528274 0.009425 0.012897
0 0.692832 0.543155 0.012153 0.014881
0 0.659226 0.529101 0.015377 0.017857
0 0.688244 0.628638 0.010417 0.011905
0 0.700149 0.626819 0.009425 0.014220
0 0.730779 0.619544 0.012153 0.017526
0 0.627604 0.561343 0.011161 0.014220
0 0.601066 0.560351 0.010665 0.008929
0 0.448041 0.397983 0.005208 0.010913
0 0.428199 0.419478 0.009177 0.018188
0 0.475570 0.434028 0.008681 0.010913
0 0.453001 0.505622 0.015129 0.017196
0 0.477183 0.524802 0.008433 0.009921
0 0.467138 0.540179 0.012649 0.018188
0 0.466146 0.580192 0.013145 0.018188
0 0.470858 0.597388 0.012153 0.014881
0 0.473710 0.636905 0.008929 0.013889
0 0.506324 0.629630 0.010665 0.011243
0 0.574281 0.636905 0.008185 0.010582
0 0.578125 0.662368 0.011905 0.019180
0 0.595982 0.659392 0.015873 0.017857
0 0.566220 0.695933 0.013393 0.014220
0 0.600694 0.691138 0.011409 0.014550
1 0.551339 0.268188 0.006448 0.018519
