0 0.570685 0.699405 0.007440 0.010582
0 0.598710 0.636905 0.008929 0.009921
0 0.611359 0.603175 0.016865 0.023148
0 0.626860 0.628142 0.010665 0.010913
0 0.628596 0.662864 0.008185 0.021495
0 0.601562 0.672454 0.008681 0.014881
0 0.589906 0.673942 0.008185 0.013889
0 0.551711 0.618056 0.012153 0.009921
0 0.568328 0.575728 0.010169 0.009921
0 0.580357 0.556713 0.006944 0.011574
0 0.579737 0.567626 0.006696 0.010251
0 0.581597 0.575397 0.008433 0.011905
0 0.631200 0.544147 0.007440 0.010251
0 0.650670 0.530093 0.008681 0.013228
0 0.666915 0.495040 0.008433 0.015873
0 0.684648 0.511409 0.010169 0.010913
0 0.705357 0.504630 0.005952 0.007937
0 0.589534 0.503142 0.008929 0.013558
0 0.582713 0.508433 0.005208 0.010251
0 0.580109 0.300265 0.008433 0.020503
0 0.648810 0.331184 0.016865 0.009590
0 0.625620 0.296296 0.016617 0.017857
0 0.631820 0.260417 0.007192 0.021495
0 0.606399 0.254630 0.009921 0.015873
0 0.532986 0.431052 0.008929 0.024140
0 0.527406 0.446925 0.008681 0.009590
0 0.617436 0.383929 0.006696 0.018519
0 0.621280 0.431052 0.007440 0.005622
0 0.656994 0.448413 0.011409 0.008598
0 0.588294 0.376819 0.011905 0.018188
0 0.596726 0.356151 0.006448 0.011905
0 0.581349 0.406581 0.007440 0.006944
0 0.528646 0.599868 0.010665 0.010582
0 0.421131 0.509921 0.011905 0.031746
0 0.434524 0.501323 0.010913 0.011905
0 0.457217 0.519015 0.006200 0.010251
0 0.467882 0.681217 0.015625 0.013889
0 0.719494 0.598876 0.010913 0.014550
0 0.667535 0.621032 0.007192 0.011905
0 0.607019 0.563327 0.011161 0.011574
0 0.723338 0.494048 0.014137 0.009259
0 0.734747 0.483466 0.005704 0.009921
0 0.745536 0.453208 0.011905 0.008267
0 0.721478 0.459491 0.005456 0.008929
0 0.715154 0.450728 0.008681 0.009921
0 0.690600 0.454696 0.009177 0.023148
0 0.383433 0.449901 0.025298 0.010913
0 0.400422 0.435351 0.005704 0.007606
0 0.439236 0.447917 0.006448 0.006944
0 0.485367 0.327712 0.008929 0.016534
0 0.499132 0.336806 0.010169 0.012235
0 0.458953 0.340278 0.004216 0.006614
0 0.484003 0.281085 0.005704 0.007937
0 0.461806 0.534888 0.010913 0.013558
0 0.424231 0.651290 0.013145 0.020833
