0 0.513889 0.507110 0.013393 0.014220
0 0.603423 0.465774 0.009921 0.016204
0 0.612103 0.522983 0.011905 0.010251
0 0.631820 0.484954 0.009673 0.008267
0 0.653522 0.525794 0.012897 0.015212
0 0.596478 0.431713 0.012401 0.014881
0 0.580605 0.415675 0.009921 0.019180
0 0.575025 0.383433 0.011161 0.022156
0 0.591642 0.364749 0.010665 0.017196
0 0.586930 0.358962 0.007688 0.011574
0 0.607019 0.370866 0.010665 0.012897
0 0.601811 0.379134 0.010665 0.014220
0 0.625868 0.394511 0.008681 0.011905
0 0.623388 0.346396 0.011161 0.010913
0 0.620908 0.315146 0.016121 0.014550
0 0.613095 0.283565 0.017857 0.014881
0 0.639633 0.287368 0.013889 0.015212
0 0.665675 0.274802 0.012897 0.012566
0 0.733259 0.282077 0.009673 0.017196
0 0.480655 0.460813 0.009921 0.011574
0 0.479291 0.514220 0.009673 0.015873
0 0.495908 0.568618 0.013641 0.013558
0 0.489583 0.616237 0.008929 0.014220
0 0.527902 0.613261 0.011657 0.012897
0 0.593998 0.645337 0.009425 0.015542
0 0.610987 0.626157 0.012649 0.011574
0 0.607143 0.674934 0.009921 0.014550
0 0.692832 0.592593 0.014633 0.013889
0 0.706349 0.583995 0.009425 0.015873
0 0.709077 0.628142 0.009425 0.015542
0 0.773438 0.466601 0.009673 0.017857
0 0.732763 0.485450 0.018601 0.015212
0 0.737847 0.471561 0.010913 0.010582
0 0.709821 0.446925 0.011409 0.011574
0 0.709077 0.433532 0.010913 0.010582
0 0.719122 0.415179 0.014633 0.008929
0 0.661458 0.433036 0.012401 0.013558
0 0.669519 0.383433 0.011657 0.014220
0 0.674727 0.388228 0.011657 0.016534
0 0.684524 0.385913 0.008929 0.019180
0 0.677455 0.374008 0.012649 0.015873
0 0.683532 0.366567 0.009921 0.013558
0 0.550967 0.368221 0.009177 0.011574
0 0.556052 0.348380 0.008929 0.010251
0 0.574157 0.319940 0.009425 0.010913
0 0.528150 0.327712 0.012153 0.011905
0 0.527034 0.345073 0.013393 0.018849
0 0.497768 0.315642 0.012401 0.010913
0 0.485119 0.310847 0.014881 0.027116
0 0.457589 0.374835 0.009921 0.012235
0 0.488963 0.419974 0.008185 0.009921
0 0.435144 0.394511 0.014633 0.013889
0 0.511657 0.243552 0.015377 0.018188
0 0.524430 0.239253 0.008185 0.008267
0 0.575149 0.225364 0.010913 0.012897
0 0.576017 0.270503 0.010169 0.025132
1 0.595610 0.636739 0.007688 0.014881
