0 0.581845 0.520503 0.007937 0.007937
0 0.584449 0.548280 0.007192 0.019180
0 0.590898 0.560020 0.005704 0.013558
0 0.577381 0.566138 0.006448 0.008598
0 0.581101 0.579034 0.005952 0.012566
0 0.552703 0.569940 0.009673 0.014881
0 0.546007 0.608962 0.005208 0.008267
0 0.591394 0.615741 0.009673 0.014550
0 0.617684 0.623843 0.010169 0.010251
0 0.584201 0.636739 0.019097 0.022817
0 0.599454 0.661376 0.005952 0.009259
0 0.620536 0.664187 0.015377 0.010251
0 0.639137 0.611111 0.012897 0.035053
0 0.654886 0.603671 0.012153 0.017526
0 0.671131 0.655093 0.010913 0.009259
0 0.635541 0.537368 0.012153 0.025132
0 0.633433 0.524471 0.007937 0.008598
0 0.656374 0.488757 0.011161 0.011243
0 0.674975 0.495536 0.006696 0.008267
0 0.688988 0.491237 0.012401 0.007606
0 0.720982 0.484954 0.005952 0.015542
0 0.698165 0.468585 0.008433 0.009259
0 0.688740 0.453704 0.012401 0.027778
0 0.710069 0.443122 0.008433 0.011243
0 0.709449 0.386409 0.012153 0.025463
0 0.737723 0.454696 0.006696 0.011243
0 0.620536 0.470899 0.014881 0.011905
0 0.646453 0.428737 0.008185 0.009590
0 0.631324 0.325066 0.017609 0.016534
0 0.618056 0.344577 0.007937 0.012566
0 0.609127 0.328208 0.007440 0.012235
0 0.575893 0.350860 0.014881 0.023148
0 0.590278 0.381118 0.008929 0.012235
0 0.619916 0.288360 0.009177 0.011905
0 0.603175 0.307870 0.008929 0.017857
0 0.599082 0.274802 0.010169 0.014550
0 0.562872 0.268519 0.008681 0.016534
0 0.728919 0.562831 0.008433 0.011905
0 0.576389 0.697421 0.005952 0.009921
0 0.465154 0.678737 0.008681 0.018849
0 0.525298 0.414352 0.015377 0.017196
0 0.495412 0.453704 0.006696 0.013889
0 0.465154 0.522983 0.005704 0.010251
0 0.454117 0.549769 0.010417 0.011574
0 0.450645 0.560020 0.013889 0.016204
0 0.440352 0.574405 0.015625 0.025132
0 0.435640 0.514385 0.011161 0.011574
0 0.448413 0.469081 0.015873 0.008267
0 0.384053 0.442626 0.006200 0.009590
0 0.478299 0.342593 0.007192 0.007275
0 0.483011 0.347553 0.011657 0.023148
0 0.485119 0.264220 0.005952 0.008598
