0 0.595858 0.271991 0.011657 0.013558
0 0.615451 0.292659 0.011657 0.013228
0 0.625496 0.322421 0.016865 0.014550
0 0.615823 0.345569 0.008433 0.011905
0 0.610243 0.323909 0.006696 0.016204
0 0.595982 0.323909 0.005456 0.013558
0 0.572669 0.344577 0.018353 0.021825
0 0.590526 0.381614 0.006448 0.009921
0 0.479663 0.347057 0.012897 0.020172
0 0.528522 0.404762 0.012401 0.015873
0 0.489707 0.461475 0.006696 0.012897
0 0.384921 0.445933 0.005952 0.010251
0 0.437624 0.516204 0.007688 0.010582
0 0.468006 0.520999 0.006448 0.010251
0 0.450769 0.546958 0.010665 0.011905
0 0.450149 0.562500 0.009921 0.014550
0 0.448909 0.576720 0.018849 0.021825
0 0.456969 0.471065 0.015625 0.013558
0 0.647197 0.427579 0.008681 0.011243
0 0.628596 0.520007 0.007192 0.008929
0 0.640377 0.525298 0.013393 0.015542
0 0.629836 0.535053 0.013641 0.010582
0 0.685640 0.493056 0.012153 0.008598
0 0.674727 0.496032 0.005704 0.009921
0 0.685268 0.463459 0.009425 0.025463
0 0.691964 0.463294 0.007937 0.010582
0 0.706473 0.439319 0.006696 0.016204
0 0.739087 0.458168 0.008433 0.014881
0 0.717014 0.490245 0.005456 0.015542
0 0.652282 0.485946 0.009921 0.012897
0 0.611607 0.474537 0.015377 0.015212
0 0.596230 0.608631 0.007440 0.015542
0 0.618924 0.618056 0.007688 0.009259
0 0.615947 0.627149 0.011657 0.009590
0 0.644593 0.596396 0.011409 0.031415
0 0.659102 0.606151 0.020585 0.013889
0 0.582589 0.554398 0.007440 0.018849
0 0.592758 0.560351 0.006448 0.016865
0 0.579241 0.521991 0.005704 0.010251
0 0.577505 0.566138 0.006200 0.009921
0 0.580605 0.580192 0.004960 0.010251
0 0.550719 0.566138 0.009673 0.013889
0 0.559152 0.264716 0.006696 0.015542
0 0.582217 0.636243 0.017609 0.024471
0 0.622768 0.660549 0.013393 0.009590
0 0.668899 0.649306 0.009921 0.008267
0 0.548363 0.612599 0.006944 0.012897
0 0.464906 0.682044 0.007688 0.016865
0 0.576141 0.694279 0.005952 0.009590
0 0.600198 0.658896 0.006448 0.010913
0 0.733011 0.550761 0.009673 0.010913
0 0.715278 0.369048 0.012401 0.023810
