0 0.629092 0.625827 0.011161 0.024802
0 0.437252 0.512401 0.008929 0.010913
0 0.464162 0.525794 0.005704 0.009259
0 0.431424 0.572917 0.013145 0.029431
0 0.455729 0.555060 0.018105 0.021495
0 0.701637 0.407407 0.017361 0.027778
0 0.711682 0.448909 0.006200 0.008929
0 0.692708 0.453208 0.019345 0.020833
0 0.703125 0.477183 0.009921 0.010582
0 0.723214 0.483631 0.007440 0.016865
0 0.737971 0.453208 0.007192 0.012897
0 0.694320 0.493552 0.012153 0.010913
0 0.658606 0.491733 0.012649 0.011243
0 0.674851 0.497851 0.005952 0.008267
0 0.574653 0.356978 0.013889 0.024802
0 0.589162 0.390212 0.009177 0.011243
0 0.606151 0.338294 0.009425 0.011905
0 0.616567 0.356978 0.007937 0.018849
0 0.634549 0.331515 0.016617 0.015542
0 0.618180 0.671462 0.012153 0.011574
0 0.597594 0.662368 0.006696 0.010582
0 0.620908 0.625827 0.010665 0.008929
0 0.613095 0.630622 0.008433 0.008598
0 0.589410 0.639716 0.017609 0.022817
0 0.585938 0.628638 0.007688 0.011243
0 0.575397 0.699405 0.005952 0.010582
0 0.629712 0.556217 0.012897 0.015873
0 0.637401 0.528274 0.010417 0.016204
0 0.588542 0.562831 0.005952 0.009921
0 0.584077 0.545966 0.006448 0.013889
0 0.574033 0.564815 0.005208 0.009921
0 0.581721 0.580026 0.007192 0.009921
0 0.583085 0.517196 0.008433 0.008598
0 0.640253 0.430060 0.011657 0.008267
0 0.629712 0.468585 0.018353 0.011243
0 0.555060 0.576389 0.007937 0.012566
0 0.543651 0.607143 0.006448 0.006614
0 0.465526 0.678241 0.009425 0.012566
0 0.527530 0.425265 0.018849 0.021164
0 0.500744 0.449901 0.009921 0.011574
0 0.566220 0.275794 0.008433 0.014550
0 0.606523 0.308036 0.009673 0.008267
0 0.623016 0.285053 0.008929 0.015873
0 0.600074 0.276786 0.011161 0.016534
0 0.444444 0.466601 0.014385 0.009921
0 0.387153 0.440146 0.005952 0.009259
0 0.482019 0.343089 0.007192 0.006944
0 0.486483 0.349372 0.010169 0.026124
0 0.656622 0.605159 0.006696 0.015212
0 0.723338 0.575728 0.008681 0.012566
0 0.673115 0.661872 0.012897 0.011574
0 0.484375 0.270999 0.005952 0.008929
