0 0.521701 0.464782 0.016121 0.013558
0 0.492684 0.355655 0.009673 0.016865
0 0.508557 0.347388 0.012649 0.012235
0 0.530878 0.336640 0.009177 0.019841
0 0.538194 0.372851 0.009921 0.012235
0 0.551959 0.368882 0.006696 0.014881
0 0.562624 0.364749 0.010665 0.019180
0 0.514137 0.268684 0.006448 0.010913
0 0.523562 0.277612 0.010913 0.020172
0 0.548363 0.295966 0.008929 0.011243
0 0.582961 0.283730 0.013641 0.020503
0 0.583953 0.302910 0.010169 0.018519
0 0.601562 0.320106 0.012153 0.019180
0 0.610739 0.335648 0.011657 0.018519
0 0.567956 0.477513 0.008929 0.013889
0 0.547495 0.460317 0.006200 0.012566
0 0.544767 0.470238 0.011161 0.013228
0 0.547619 0.482970 0.007937 0.011574
0 0.575521 0.432705 0.006696 0.008929
0 0.601314 0.464947 0.006696 0.010582
0 0.603919 0.481316 0.008929 0.011574
0 0.597594 0.514054 0.006200 0.010251
0 0.633557 0.472884 0.008681 0.012566
0 0.642857 0.432044 0.011409 0.012235
0 0.645833 0.424438 0.004960 0.011574
0 0.650050 0.411872 0.006944 0.010251
0 0.671379 0.427579 0.009425 0.012566
0 0.677083 0.488095 0.011905 0.015873
0 0.705481 0.443783 0.008681 0.011243
0 0.724578 0.451224 0.010665 0.012235
0 0.715030 0.459987 0.011409 0.010582
0 0.691840 0.528770 0.010169 0.010582
0 0.708581 0.550265 0.008433 0.009921
0 0.698661 0.555556 0.012897 0.012566
0 0.682044 0.564153 0.010417 0.012566
0 0.633557 0.574239 0.010665 0.010251
0 0.652530 0.585483 0.009425 0.012897
0 0.608011 0.542328 0.007688 0.017196
0 0.447793 0.385086 0.007688 0.013558
0 0.467014 0.413194 0.009425 0.010913
0 0.421751 0.431052 0.007688 0.012897
0 0.430680 0.524636 0.010665 0.013558
0 0.454365 0.548280 0.008433 0.014550
0 0.459697 0.544478 0.005704 0.014881
0 0.466642 0.559524 0.009673 0.031085
0 0.459945 0.606316 0.009673 0.010913
0 0.465650 0.627315 0.010169 0.015212
0 0.499132 0.607308 0.006696 0.012235
0 0.557664 0.608135 0.006696 0.012566
0 0.558036 0.683036 0.011409 0.012897
0 0.568080 0.690146 0.008185 0.012566
0 0.594370 0.686839 0.009177 0.011905
0 0.592014 0.566634 0.007937 0.011574
0 0.627852 0.623347 0.012649 0.015212
0 0.656994 0.638558 0.008929 0.015212
0 0.695809 0.617063 0.013641 0.015873
0 0.650422 0.362930 0.011161 0.008267
0 0.705233 0.349206 0.011657 0.011243
0 0.597098 0.415509 0.007688 0.007606
