0 0.680432 0.657077 0.010665 0.017196
0 0.618800 0.708499 0.013393 0.008267
0 0.620660 0.674438 0.006696 0.008267
0 0.699281 0.614749 0.008185 0.010582
0 0.729539 0.590278 0.008185 0.014550
0 0.728547 0.567626 0.008185 0.023479
0 0.679191 0.585813 0.015129 0.010913
0 0.650546 0.582507 0.006944 0.012235
0 0.678695 0.541667 0.010169 0.011905
0 0.609499 0.608962 0.026538 0.014220
0 0.615575 0.621032 0.007440 0.013889
0 0.626488 0.637401 0.014881 0.010913
0 0.605531 0.565146 0.008681 0.009259
0 0.609871 0.561839 0.005952 0.009921
0 0.579737 0.565642 0.009177 0.013558
0 0.580977 0.598380 0.008681 0.011574
0 0.434896 0.590278 0.009177 0.014550
0 0.463914 0.589782 0.009177 0.017526
0 0.438120 0.545470 0.025546 0.014220
0 0.580233 0.674107 0.007192 0.010251
0 0.565104 0.500827 0.010169 0.008267
0 0.571677 0.484458 0.006448 0.011243
0 0.622272 0.506118 0.008433 0.010251
0 0.588046 0.454696 0.013889 0.008598
0 0.668775 0.506118 0.010169 0.019511
0 0.690600 0.510913 0.009177 0.008598
0 0.732143 0.473380 0.010417 0.010913
0 0.746528 0.487434 0.006944 0.007275
0 0.676463 0.455688 0.014137 0.022487
0 0.642981 0.452712 0.008185 0.010582
0 0.411706 0.455522 0.018849 0.010913
0 0.403522 0.480655 0.018353 0.013558
0 0.452629 0.504630 0.007440 0.011243
0 0.473834 0.513724 0.006200 0.018849
0 0.506448 0.516204 0.008929 0.011905
0 0.514261 0.504464 0.005208 0.010251
0 0.707341 0.371858 0.017361 0.010913
0 0.653522 0.401786 0.013889 0.013228
0 0.647197 0.350364 0.007688 0.010913
0 0.640377 0.335483 0.008929 0.008267
0 0.577381 0.371032 0.010913 0.010582
0 0.554191 0.407573 0.008185 0.014220
0 0.481399 0.383929 0.008929 0.010582
0 0.485615 0.381614 0.006448 0.015212
0 0.487103 0.340112 0.018849 0.014881
0 0.516121 0.339782 0.014385 0.014220
0 0.612847 0.295470 0.019345 0.012897
0 0.641741 0.279597 0.006696 0.014220
0 0.595486 0.266204 0.026290 0.015212
0 0.556920 0.255622 0.009673 0.009259
0 0.574529 0.313823 0.014137 0.016534
0 0.491071 0.275463 0.007937 0.007275
