0 0.590526 0.479167 0.009425 0.007937
0 0.621776 0.520999 0.012401 0.010913
0 0.622520 0.514054 0.008433 0.011574
0 0.608383 0.571925 0.009425 0.019511
0 0.584697 0.568618 0.009177 0.024802
0 0.558904 0.570933 0.009673 0.011574
0 0.575273 0.512401 0.006696 0.011574
0 0.636285 0.487269 0.013145 0.010251
0 0.659970 0.506448 0.019345 0.012897
0 0.679315 0.494048 0.006944 0.009921
0 0.682416 0.500496 0.011161 0.010913
0 0.690972 0.451058 0.015873 0.021825
0 0.703993 0.418155 0.006696 0.017526
0 0.665799 0.596396 0.009177 0.034061
0 0.685640 0.607474 0.012153 0.011905
0 0.675223 0.639220 0.007688 0.010582
0 0.644965 0.661872 0.008681 0.019511
0 0.594246 0.677249 0.014881 0.024471
0 0.581473 0.687335 0.008681 0.010251
0 0.604167 0.647487 0.010913 0.011905
0 0.633061 0.610450 0.008185 0.009259
0 0.611111 0.616237 0.010913 0.022156
0 0.622644 0.626323 0.011161 0.009921
0 0.707589 0.500165 0.006448 0.015542
0 0.736855 0.456515 0.006448 0.007606
0 0.597966 0.273148 0.012401 0.015212
0 0.608383 0.302745 0.009425 0.009590
0 0.590650 0.348380 0.006200 0.010251
0 0.599702 0.367725 0.012897 0.012566
0 0.620040 0.310351 0.006448 0.008929
0 0.622892 0.316138 0.011657 0.013228
0 0.626240 0.336806 0.006448 0.008929
0 0.565476 0.344577 0.017857 0.011905
0 0.556176 0.261905 0.006200 0.009259
0 0.558904 0.619048 0.008681 0.011243
0 0.490947 0.604663 0.021577 0.017526
0 0.446429 0.583499 0.015873 0.010251
0 0.445685 0.522487 0.005952 0.009259
0 0.454985 0.534888 0.011161 0.013558
0 0.481523 0.519511 0.005704 0.007937
0 0.492684 0.470899 0.007192 0.009921
0 0.480531 0.462302 0.010665 0.011243
0 0.546751 0.388724 0.011161 0.012897
0 0.474702 0.349868 0.009921 0.013889
0 0.479663 0.352679 0.004960 0.005622
0 0.488343 0.256118 0.008433 0.010251
0 0.513889 0.275298 0.010417 0.010913
0 0.647445 0.416171 0.013145 0.008267
0 0.394965 0.390212 0.014633 0.013228
0 0.384797 0.452712 0.006696 0.009259
