0 0.558656 0.357474 0.017113 0.015873
0 0.564980 0.362269 0.019841 0.016204
0 0.591642 0.363757 0.009177 0.009259
0 0.619172 0.364253 0.013145 0.008929
0 0.595486 0.318618 0.017361 0.008929
0 0.625372 0.311343 0.014137 0.011574
0 0.634053 0.304729 0.008185 0.012897
0 0.603299 0.272487 0.020089 0.019841
0 0.637029 0.347884 0.006696 0.015873
0 0.640997 0.407077 0.011657 0.006614
0 0.677579 0.477679 0.016865 0.019511
0 0.684772 0.457507 0.006944 0.008929
0 0.680680 0.505622 0.008185 0.013228
0 0.684276 0.515708 0.010417 0.008267
0 0.695685 0.516700 0.005456 0.014220
0 0.627108 0.474868 0.009177 0.015873
0 0.621280 0.500827 0.006448 0.012235
0 0.625620 0.517692 0.009177 0.012897
0 0.631448 0.638724 0.015377 0.012235
0 0.645213 0.642692 0.012649 0.016204
0 0.653398 0.609954 0.009673 0.011574
0 0.687128 0.636905 0.009673 0.011243
0 0.697049 0.603671 0.008681 0.033399
0 0.704117 0.604167 0.010417 0.009259
0 0.594742 0.698909 0.013393 0.010913
0 0.607267 0.660880 0.006200 0.018849
0 0.586434 0.621032 0.011657 0.012566
0 0.584077 0.587798 0.009921 0.023479
0 0.594742 0.574405 0.006448 0.009921
0 0.625124 0.584491 0.010169 0.012897
0 0.699653 0.400298 0.006944 0.013558
0 0.711062 0.414848 0.011905 0.012897
0 0.579489 0.490245 0.006696 0.012235
0 0.575149 0.501323 0.009921 0.011905
0 0.593626 0.559028 0.008681 0.010251
0 0.571801 0.573413 0.008681 0.013228
0 0.538814 0.693618 0.010665 0.010251
0 0.540427 0.620536 0.023810 0.013558
0 0.497644 0.464286 0.009177 0.007275
0 0.494172 0.479663 0.006200 0.008267
0 0.499752 0.520999 0.006448 0.007606
0 0.474578 0.530093 0.008681 0.011243
0 0.452753 0.527282 0.006696 0.012235
0 0.454365 0.591104 0.014385 0.016865
0 0.419395 0.597388 0.007440 0.012897
0 0.379960 0.467593 0.010417 0.009259
0 0.386781 0.437831 0.013145 0.015873
0 0.413318 0.421792 0.008185 0.016204
0 0.559152 0.263889 0.006696 0.010582
0 0.527778 0.303241 0.009425 0.011243
0 0.484747 0.270007 0.019593 0.018188
0 0.477803 0.362930 0.008185 0.013558
0 0.481647 0.369048 0.005456 0.009921
0 0.389881 0.386409 0.012897 0.009590
0 0.676463 0.676753 0.009673 0.016865
0 0.746032 0.464451 0.014385 0.011574
