0 0.551959 0.489087 0.010665 0.019841
0 0.551835 0.463459 0.013889 0.016204
0 0.550471 0.453373 0.010665 0.016534
0 0.525298 0.461144 0.011905 0.014881
0 0.574033 0.434524 0.007192 0.010582
0 0.580481 0.474537 0.010169 0.011905
0 0.592014 0.416832 0.006944 0.009590
0 0.538938 0.370536 0.010417 0.014881
0 0.551835 0.357639 0.007937 0.012897
0 0.568824 0.371362 0.012649 0.029762
0 0.527902 0.338128 0.009673 0.016204
0 0.509549 0.346065 0.011161 0.008929
0 0.493304 0.353340 0.009921 0.018188
0 0.472966 0.292824 0.013889 0.029431
0 0.516121 0.267196 0.006944 0.011243
0 0.527282 0.271329 0.008433 0.014220
0 0.554563 0.299107 0.009921 0.012235
0 0.583953 0.280258 0.009177 0.017526
0 0.593006 0.297288 0.011905 0.020503
0 0.606027 0.322586 0.011657 0.016204
0 0.610243 0.334821 0.007688 0.014881
0 0.590402 0.270833 0.007688 0.011243
0 0.654018 0.359292 0.012897 0.012897
0 0.709325 0.341270 0.008433 0.012566
0 0.644345 0.416501 0.009921 0.012235
0 0.652654 0.424769 0.008185 0.009590
0 0.645213 0.437665 0.012649 0.011574
0 0.678695 0.429563 0.008185 0.011905
0 0.701637 0.450231 0.008929 0.012235
0 0.724702 0.452216 0.010417 0.012897
0 0.716890 0.457837 0.010169 0.009590
0 0.692088 0.482474 0.009177 0.011243
0 0.687376 0.523975 0.008681 0.014881
0 0.702133 0.553075 0.011905 0.015542
0 0.714534 0.553075 0.011905 0.008929
0 0.678819 0.559524 0.013889 0.015212
0 0.639509 0.476521 0.010665 0.011905
0 0.602059 0.471230 0.007688 0.009259
0 0.609003 0.479497 0.006200 0.009921
0 0.598710 0.509425 0.007440 0.008929
0 0.623760 0.534722 0.011409 0.013889
0 0.590278 0.562831 0.009425 0.009921
0 0.647073 0.568452 0.009921 0.010582
0 0.651290 0.580192 0.010417 0.011574
0 0.644841 0.625000 0.010417 0.011243
0 0.665427 0.639220 0.006944 0.012566
0 0.703993 0.621362 0.010169 0.012566
0 0.596230 0.690146 0.007937 0.011905
0 0.559896 0.679398 0.013145 0.015542
0 0.561632 0.695437 0.011161 0.011905
0 0.560392 0.614914 0.007192 0.008929
0 0.500248 0.612434 0.010417 0.017857
0 0.469618 0.565972 0.014137 0.035384
0 0.462798 0.538029 0.007440 0.013228
0 0.458209 0.546462 0.010169 0.015542
0 0.459201 0.602679 0.012153 0.010251
0 0.464286 0.626157 0.011905 0.016865
0 0.435516 0.523313 0.011409 0.019511
0 0.425595 0.430390 0.008433 0.015542
0 0.447173 0.389385 0.006944 0.010913
0 0.468750 0.417989 0.007937 0.011243
