0 0.597842 0.473380 0.013145 0.010913
0 0.641989 0.484458 0.013145 0.011905
0 0.647693 0.511905 0.019097 0.015212
0 0.624256 0.511905 0.008929 0.009259
0 0.625744 0.526290 0.013889 0.010251
0 0.601066 0.564815 0.008681 0.019841
0 0.584077 0.561343 0.008433 0.025463
0 0.584821 0.574735 0.006944 0.007275
0 0.674107 0.604828 0.013889 0.009259
0 0.671379 0.641204 0.008929 0.009259
0 0.626364 0.610284 0.008185 0.009590
0 0.600694 0.606647 0.009921 0.013558
0 0.619420 0.624835 0.009673 0.010251
0 0.634797 0.654597 0.009177 0.012897
0 0.653522 0.592593 0.010417 0.035714
0 0.680804 0.496362 0.013393 0.018519
0 0.677579 0.490245 0.006944 0.009590
0 0.712178 0.493552 0.005704 0.014220
0 0.705357 0.425265 0.006944 0.015212
0 0.738095 0.453704 0.006944 0.011243
0 0.685268 0.457507 0.011409 0.014881
0 0.646701 0.416667 0.011161 0.009259
0 0.603423 0.650794 0.008929 0.008598
0 0.584821 0.656581 0.016865 0.023479
0 0.578249 0.687335 0.005704 0.008267
0 0.621032 0.315146 0.013889 0.012566
0 0.611483 0.296131 0.012649 0.011574
0 0.615079 0.312831 0.007440 0.011905
0 0.621900 0.335152 0.007688 0.007606
0 0.596478 0.270999 0.009425 0.010913
0 0.556052 0.257937 0.006448 0.010582
0 0.503968 0.258929 0.010417 0.011243
0 0.566716 0.342097 0.019841 0.018188
0 0.591766 0.339286 0.004960 0.009921
0 0.597098 0.368552 0.008681 0.010251
0 0.552083 0.566138 0.009921 0.012566
0 0.577753 0.514550 0.006200 0.010582
0 0.553571 0.615741 0.006944 0.014550
0 0.471106 0.589286 0.020089 0.021164
0 0.442584 0.573909 0.018601 0.011574
0 0.448165 0.537368 0.006448 0.015212
0 0.473586 0.517196 0.007192 0.009921
0 0.440972 0.518188 0.006944 0.010582
0 0.535590 0.391700 0.009673 0.014220
0 0.470734 0.463790 0.013393 0.012235
0 0.489707 0.465278 0.008681 0.011905
0 0.474702 0.344577 0.011905 0.018519
0 0.479043 0.348380 0.007192 0.006944
0 0.383681 0.446925 0.005952 0.008929
