0 0.619296 0.581515 0.007937 0.013558
0 0.644841 0.611442 0.008929 0.008598
0 0.629712 0.635913 0.015873 0.021825
0 0.683160 0.638724 0.008185 0.010251
0 0.664187 0.671131 0.007937 0.014881
0 0.605531 0.651786 0.008185 0.015873
0 0.574901 0.621032 0.010913 0.007937
0 0.584573 0.582011 0.008433 0.021825
0 0.590650 0.573413 0.004712 0.009259
0 0.590898 0.560847 0.006696 0.011243
0 0.568700 0.574901 0.010417 0.013558
0 0.674479 0.489749 0.018601 0.015212
0 0.678695 0.501323 0.006696 0.007275
0 0.682788 0.511409 0.009921 0.008267
0 0.698661 0.510747 0.006448 0.014220
0 0.699529 0.407077 0.011657 0.015212
0 0.706721 0.429729 0.008681 0.018849
0 0.686260 0.458499 0.007440 0.010251
0 0.643601 0.412698 0.014385 0.009921
0 0.625248 0.310351 0.013889 0.016204
0 0.633433 0.342097 0.007937 0.020833
0 0.610491 0.364914 0.013641 0.012897
0 0.628100 0.483466 0.008681 0.013228
0 0.621280 0.508102 0.007440 0.014881
0 0.625124 0.518519 0.008681 0.012566
0 0.582093 0.487269 0.006448 0.009590
0 0.575025 0.508433 0.008681 0.010251
0 0.522569 0.618056 0.024306 0.015212
0 0.527654 0.695767 0.008185 0.008598
0 0.590278 0.694114 0.013889 0.012566
0 0.607019 0.706019 0.014633 0.025132
0 0.451885 0.591766 0.013393 0.018188
0 0.415179 0.605159 0.007440 0.013228
0 0.601190 0.273810 0.016865 0.015212
0 0.600818 0.312500 0.010665 0.008598
0 0.557540 0.263228 0.008433 0.010582
0 0.526166 0.296131 0.008185 0.011574
0 0.562624 0.349868 0.019097 0.012566
0 0.591394 0.357970 0.007192 0.012235
0 0.560144 0.375827 0.017609 0.013558
0 0.470114 0.531085 0.009673 0.008598
0 0.494048 0.521495 0.008433 0.008598
0 0.450893 0.528274 0.005952 0.008267
0 0.685764 0.601687 0.009425 0.035384
0 0.699405 0.606151 0.008433 0.009259
0 0.477307 0.357474 0.010665 0.014550
0 0.478175 0.255622 0.013393 0.015212
0 0.489211 0.260913 0.007192 0.007275
0 0.493304 0.463294 0.009921 0.007937
0 0.495164 0.477679 0.006696 0.007606
0 0.383185 0.462302 0.007937 0.009259
0 0.387153 0.380126 0.010913 0.012235
0 0.382564 0.423446 0.007192 0.024140
0 0.406498 0.411376 0.010417 0.015212
0 0.738095 0.460813 0.007440 0.009590
