0 0.474950 0.632606 0.007937 0.015212
0 0.470362 0.598876 0.010665 0.011905
0 0.472098 0.584821 0.013641 0.025463
0 0.450025 0.515212 0.013145 0.014550
0 0.465774 0.545470 0.009921 0.017526
0 0.473834 0.533896 0.010169 0.010251
0 0.507192 0.624339 0.009921 0.009259
0 0.571057 0.633433 0.006200 0.010251
0 0.574281 0.673776 0.011161 0.013558
0 0.563368 0.701224 0.012153 0.011574
0 0.599826 0.698413 0.009177 0.023148
0 0.596354 0.563492 0.009673 0.011243
0 0.630704 0.569444 0.012897 0.013889
0 0.684772 0.628142 0.011409 0.013558
0 0.680432 0.635417 0.011657 0.012235
0 0.724826 0.626653 0.013641 0.021164
0 0.567584 0.680060 0.014633 0.014881
0 0.664931 0.520503 0.009425 0.013228
0 0.669395 0.539187 0.012401 0.011574
0 0.681796 0.559028 0.012401 0.014881
0 0.691096 0.507937 0.009673 0.015873
0 0.710193 0.526290 0.010169 0.010913
0 0.722098 0.538360 0.011657 0.009259
0 0.693948 0.436508 0.007440 0.015873
0 0.713046 0.441138 0.010417 0.009259
0 0.731275 0.445602 0.009673 0.013558
0 0.732143 0.458003 0.009425 0.013228
0 0.689112 0.415675 0.009673 0.013228
0 0.660466 0.416171 0.008433 0.013558
0 0.621776 0.413856 0.012897 0.013558
0 0.638269 0.435847 0.014633 0.012566
0 0.643601 0.473545 0.009425 0.011905
0 0.620660 0.459491 0.013145 0.016204
0 0.605531 0.465278 0.007688 0.009921
0 0.600818 0.495536 0.008681 0.009590
0 0.568328 0.490741 0.010665 0.017196
0 0.548859 0.449901 0.013393 0.013558
0 0.564980 0.427745 0.010417 0.013558
0 0.578869 0.421462 0.006448 0.014220
0 0.575893 0.396495 0.011905 0.021825
0 0.573537 0.442626 0.011161 0.012897
0 0.541419 0.372520 0.010913 0.014881
0 0.487599 0.298446 0.018353 0.021495
0 0.491567 0.281085 0.013889 0.029101
0 0.493056 0.347388 0.010417 0.017526
0 0.514261 0.349868 0.011657 0.009921
0 0.523934 0.352183 0.006696 0.011905
0 0.559276 0.348380 0.011409 0.015542
0 0.541419 0.266534 0.012401 0.010582
0 0.519593 0.271991 0.008929 0.010251
0 0.549107 0.261739 0.010417 0.009590
0 0.578497 0.301257 0.011657 0.011243
0 0.593254 0.259921 0.010417 0.021825
0 0.611483 0.256614 0.015625 0.018519
0 0.610243 0.278770 0.016121 0.021164
0 0.614335 0.331515 0.011409 0.018849
0 0.611731 0.345569 0.008185 0.008598
0 0.658730 0.340278 0.010417 0.012566
0 0.721230 0.328704 0.016369 0.014550
0 0.430680 0.432044 0.010169 0.019511
0 0.450025 0.400794 0.006696 0.011243
0 0.475198 0.435847 0.007937 0.009921
