0 0.564732 0.573413 0.010913 0.013228
0 0.590650 0.558036 0.005208 0.010913
0 0.586062 0.575728 0.008433 0.021164
0 0.614831 0.577216 0.007440 0.014881
0 0.640873 0.609458 0.009425 0.010582
0 0.590030 0.570933 0.004464 0.008929
0 0.622768 0.629134 0.010913 0.022156
0 0.628100 0.628142 0.009177 0.008929
0 0.605035 0.651455 0.009673 0.018519
0 0.656374 0.666667 0.009673 0.017196
0 0.678447 0.598876 0.011161 0.034392
0 0.695561 0.607474 0.008185 0.011905
0 0.679936 0.637566 0.008185 0.011243
0 0.602803 0.694610 0.014633 0.027447
0 0.587178 0.691138 0.011161 0.010582
0 0.567832 0.622520 0.013641 0.010913
0 0.512029 0.613757 0.024554 0.017196
0 0.670635 0.498347 0.020833 0.013228
0 0.682044 0.507110 0.011409 0.008267
0 0.701265 0.506118 0.009673 0.013558
0 0.687004 0.457011 0.009425 0.009259
0 0.701885 0.436343 0.010417 0.028108
0 0.622272 0.512235 0.013393 0.019180
0 0.630332 0.485946 0.012153 0.011574
0 0.575893 0.508433 0.009921 0.013558
0 0.586186 0.481151 0.008681 0.009259
0 0.411830 0.607639 0.008681 0.012897
0 0.450273 0.587302 0.015625 0.016534
0 0.447421 0.525794 0.007937 0.009921
0 0.464782 0.531581 0.009425 0.012235
0 0.488095 0.523644 0.008433 0.016865
0 0.487103 0.460979 0.012897 0.012566
0 0.496280 0.475033 0.011905 0.010251
0 0.623884 0.311839 0.012153 0.016534
0 0.604911 0.308532 0.018353 0.011905
0 0.630828 0.339782 0.009673 0.015542
0 0.606275 0.366237 0.012153 0.010251
0 0.591022 0.354167 0.005456 0.007937
0 0.564980 0.347553 0.019841 0.010582
0 0.556300 0.380622 0.015873 0.014550
0 0.599578 0.273810 0.015625 0.015212
0 0.557168 0.261905 0.006200 0.009921
0 0.522569 0.288360 0.010913 0.011905
0 0.489459 0.256614 0.008681 0.007937
0 0.479663 0.357474 0.007440 0.006614
0 0.475198 0.354167 0.009425 0.013228
0 0.645213 0.413360 0.015625 0.009259
0 0.698413 0.410053 0.012897 0.017857
0 0.382316 0.408069 0.006696 0.025132
0 0.402282 0.405093 0.010913 0.018519
0 0.384797 0.458995 0.006696 0.008598
0 0.736111 0.459656 0.008929 0.008598
0 0.520957 0.700562 0.008185 0.009590
