0 0.581969 0.562831 0.009673 0.013889
0 0.610739 0.555225 0.004712 0.008598
0 0.608507 0.560020 0.009177 0.010913
0 0.584325 0.597553 0.007440 0.012566
0 0.625620 0.602348 0.028026 0.012235
0 0.655258 0.579200 0.007440 0.012235
0 0.675595 0.544974 0.008929 0.011243
0 0.682292 0.582176 0.015873 0.011574
0 0.700645 0.607474 0.008929 0.009921
0 0.733259 0.587302 0.010665 0.013228
0 0.737103 0.556548 0.009921 0.026455
0 0.437376 0.592097 0.009673 0.013558
0 0.466146 0.584325 0.011657 0.019180
0 0.432168 0.540179 0.019097 0.016865
0 0.450025 0.503638 0.009673 0.010582
0 0.473462 0.521495 0.007440 0.017196
0 0.394469 0.485946 0.015625 0.010913
0 0.505332 0.510913 0.008681 0.009259
0 0.513765 0.502646 0.005208 0.007275
0 0.561756 0.497024 0.008929 0.010582
0 0.620536 0.499835 0.009921 0.014220
0 0.664807 0.499504 0.008681 0.013558
0 0.690972 0.506118 0.008433 0.007606
0 0.744420 0.488261 0.006696 0.010251
0 0.712426 0.636739 0.013641 0.015542
0 0.621900 0.671296 0.008185 0.006614
0 0.621900 0.709491 0.011161 0.009590
0 0.623760 0.636905 0.013393 0.008598
0 0.617684 0.622024 0.008185 0.017857
0 0.584449 0.667989 0.011161 0.019180
0 0.443204 0.659392 0.006944 0.009259
0 0.726562 0.472057 0.011161 0.012235
0 0.676587 0.455688 0.037202 0.020503
0 0.673611 0.441634 0.006448 0.008267
0 0.591766 0.451224 0.011905 0.013558
0 0.568576 0.477348 0.006696 0.012897
0 0.642361 0.446925 0.006944 0.008929
0 0.406870 0.458003 0.016617 0.009921
0 0.712798 0.364749 0.018849 0.008598
0 0.656870 0.402778 0.013145 0.013889
0 0.643601 0.337798 0.006944 0.014220
0 0.647321 0.352679 0.006448 0.010913
0 0.571429 0.373512 0.009921 0.009590
0 0.516245 0.343585 0.014633 0.011243
0 0.559400 0.411376 0.006696 0.011905
0 0.481771 0.385747 0.008185 0.011574
0 0.487227 0.384921 0.006696 0.016534
0 0.486235 0.346892 0.018105 0.013889
0 0.641989 0.271825 0.010665 0.015873
0 0.609251 0.289683 0.015625 0.011905
0 0.593998 0.259590 0.023810 0.021164
0 0.552331 0.251323 0.010417 0.010582
0 0.574653 0.300265 0.009921 0.021164
0 0.565724 0.320933 0.005952 0.011574
0 0.488963 0.273810 0.007192 0.007275
