0 0.399967 0.529142 0.004960 0.003224
0 0.438988 0.521081 0.013558 0.004464
0 0.321263 0.544519 0.006283 0.004712
0 0.320602 0.560020 0.005622 0.004960
0 0.284722 0.520461 0.007275 0.004712
0 0.272652 0.545635 0.007606 0.005952
0 0.295304 0.563616 0.006614 0.006696
0 0.282407 0.604291 0.005291 0.003720
0 0.319940 0.621900 0.006283 0.003720
0 0.573578 0.445188 0.008267 0.006448
0 0.460813 0.570809 0.005622 0.006696
0 0.565476 0.478547 0.005291 0.005208
0 0.533069 0.477307 0.005291 0.004216
0 0.502480 0.501984 0.006283 0.004464
0 0.387731 0.556548 0.009590 0.003968
0 0.321594 0.580853 0.004960 0.004464
0 0.363922 0.612723 0.006283 0.005704
0 0.344577 0.644841 0.005952 0.005456
0 0.412037 0.643973 0.005952 0.005704
0 0.412202 0.663194 0.009590 0.005456
0 0.348049 0.680556 0.005622 0.003968
0 0.367560 0.708209 0.008267 0.005704
0 0.515046 0.531746 0.004960 0.003968
0 0.397652 0.572049 0.004960 0.004712
0 0.473545 0.612103 0.007275 0.004960
0 0.531250 0.595238 0.006944 0.005952
0 0.530754 0.611607 0.005952 0.005456
0 0.511574 0.622644 0.007275 0.007192
0 0.596892 0.586310 0.011243 0.005456
0 0.600694 0.565600 0.006283 0.003720
0 0.577712 0.545139 0.005291 0.004960
0 0.662037 0.501488 0.005291 0.004960
0 0.667493 0.522941 0.009590 0.004712
0 0.666997 0.532242 0.009921 0.005952
0 0.487103 0.665427 0.006614 0.004464
0 0.475694 0.651910 0.008267 0.004712
0 0.426753 0.716766 0.008929 0.005456
0 0.562665 0.631572 0.006283 0.010665
0 0.678241 0.557912 0.007275 0.006200
0 0.657242 0.613715 0.007606 0.007688
0 0.661706 0.620164 0.005952 0.005704
0 0.480655 0.710938 0.016204 0.005208
0 0.541997 0.729787 0.007275 0.007688
0 0.497685 0.715650 0.005952 0.005208
0 0.490741 0.728919 0.007937 0.004960
0 0.705026 0.638269 0.005291 0.005208
0 0.697751 0.665427 0.007937 0.004960
0 0.714782 0.660714 0.007606 0.004464
0 0.728340 0.563864 0.007606 0.003720
0 0.721726 0.529638 0.008929 0.004712
0 0.479497 0.424727 0.004630 0.004712
0 0.484127 0.438368 0.005952 0.003720
0 0.520833 0.407490 0.007937 0.004464
