0 0.449570 0.447049 0.006283 0.004712
0 0.476025 0.428943 0.004960 0.003720
0 0.548446 0.430804 0.005622 0.006944
0 0.450231 0.507937 0.007606 0.005456
0 0.434358 0.679688 0.006944 0.005208
0 0.349372 0.659226 0.005622 0.004960
0 0.324735 0.635169 0.005952 0.004464
0 0.304729 0.562128 0.009590 0.005208
0 0.292989 0.532366 0.005952 0.008681
0 0.329696 0.471478 0.005952 0.005456
0 0.385913 0.448165 0.006614 0.005456
0 0.418485 0.450273 0.005622 0.005208
0 0.366733 0.565352 0.009921 0.004216
0 0.397983 0.575769 0.009590 0.005704
0 0.545139 0.585193 0.008267 0.005208
0 0.649802 0.514261 0.007275 0.005704
0 0.671462 0.494792 0.006944 0.004464
0 0.575893 0.482143 0.005622 0.003968
0 0.410549 0.652282 0.006283 0.005456
0 0.467758 0.605779 0.007606 0.004712
0 0.462798 0.615079 0.006944 0.004960
0 0.614418 0.581101 0.005291 0.006448
0 0.591270 0.565724 0.007275 0.003968
0 0.570437 0.538938 0.005291 0.005456
0 0.612103 0.514509 0.006614 0.003720
0 0.653439 0.539187 0.008598 0.005456
0 0.687831 0.545139 0.005291 0.005952
0 0.545966 0.622148 0.007275 0.004712
0 0.536872 0.656746 0.006283 0.008929
0 0.580192 0.635913 0.009590 0.006448
0 0.684689 0.617063 0.012235 0.004464
0 0.727183 0.555680 0.007937 0.003720
0 0.286541 0.609127 0.006283 0.005952
0 0.362930 0.693080 0.006283 0.004216
0 0.496528 0.674727 0.008267 0.004712
0 0.485615 0.717758 0.014881 0.004960
0 0.451554 0.733011 0.007606 0.005208
0 0.478340 0.727555 0.006944 0.004216
0 0.512897 0.724578 0.006614 0.005208
0 0.569444 0.727307 0.012566 0.010169
0 0.648148 0.709697 0.007937 0.008185
0 0.711806 0.640997 0.008929 0.011161
0 0.720238 0.634797 0.007275 0.004216
0 0.722718 0.628968 0.006283 0.004464
0 0.670800 0.622396 0.004960 0.004216
0 0.525298 0.494296 0.004960 0.003968
0 0.517857 0.405506 0.007937 0.005952
0 0.492560 0.531622 0.006283 0.004712
0 0.418155 0.555432 0.006283 0.003720
