0 0.410053 0.515749 0.007275 0.004216
0 0.355985 0.538938 0.005622 0.004464
0 0.379134 0.573661 0.004960 0.004464
0 0.382110 0.502728 0.004960 0.003968
0 0.392692 0.500000 0.004299 0.002976
0 0.369378 0.488963 0.003307 0.003720
0 0.431713 0.602679 0.004960 0.005456
0 0.346065 0.612723 0.008267 0.004216
0 0.301257 0.656374 0.004630 0.005704
0 0.386739 0.643229 0.008929 0.005704
0 0.406911 0.702009 0.007606 0.004712
0 0.320271 0.687996 0.005622 0.003968
0 0.374008 0.700397 0.004630 0.004464
0 0.370536 0.705977 0.008929 0.003720
0 0.385251 0.711310 0.007275 0.004464
0 0.385086 0.716394 0.006944 0.004216
0 0.416667 0.699653 0.003968 0.002976
0 0.453373 0.737227 0.015212 0.005208
0 0.492229 0.717262 0.006283 0.003472
0 0.546296 0.739955 0.006614 0.003720
0 0.422619 0.576017 0.005291 0.003224
0 0.439153 0.598090 0.004630 0.003224
0 0.512731 0.625372 0.010251 0.005208
0 0.512070 0.566840 0.006944 0.004712
0 0.582837 0.708209 0.004299 0.004712
0 0.592262 0.732763 0.005291 0.004216
0 0.622685 0.687004 0.007275 0.005456
0 0.623181 0.644841 0.009590 0.007440
0 0.604993 0.611855 0.007606 0.006944
0 0.626157 0.600322 0.007606 0.007192
0 0.580357 0.525918 0.006614 0.004712
0 0.561839 0.485739 0.006614 0.008185
0 0.516865 0.483507 0.005952 0.004712
0 0.575066 0.514261 0.004630 0.003720
0 0.628142 0.468006 0.004960 0.003968
0 0.623016 0.533110 0.005952 0.004216
0 0.687665 0.562252 0.004960 0.004464
0 0.616898 0.550099 0.005622 0.006944
0 0.650794 0.588790 0.005291 0.003968
0 0.693122 0.578125 0.006614 0.003472
0 0.710648 0.627604 0.004630 0.004216
0 0.643519 0.689484 0.005291 0.003968
0 0.493552 0.420759 0.006283 0.003720
0 0.579365 0.429439 0.007275 0.004712
