0 0.354332 0.459573 0.008267 0.009921
0 0.427579 0.441096 0.006614 0.006696
0 0.347222 0.492684 0.004630 0.005208
0 0.403274 0.449901 0.006283 0.003968
0 0.457176 0.490823 0.007606 0.009425
0 0.567956 0.628720 0.007606 0.006448
0 0.634094 0.569692 0.012897 0.007937
0 0.561673 0.566716 0.006283 0.005952
0 0.628142 0.482267 0.006944 0.005704
0 0.688657 0.528646 0.006283 0.007192
0 0.576885 0.546627 0.004960 0.004464
0 0.484788 0.641121 0.006614 0.005952
0 0.616733 0.613839 0.008598 0.007440
0 0.577546 0.558780 0.006283 0.004464
0 0.637897 0.548983 0.007937 0.005208
0 0.571098 0.466270 0.007275 0.004960
0 0.475529 0.431052 0.005291 0.002976
0 0.678406 0.481647 0.007606 0.004464
0 0.511574 0.416171 0.005952 0.003968
0 0.543320 0.413070 0.007275 0.004712
0 0.292659 0.555556 0.007937 0.005456
0 0.282077 0.575273 0.007937 0.006696
0 0.286376 0.549107 0.011243 0.005456
0 0.352513 0.558656 0.005952 0.006200
0 0.410218 0.586558 0.004960 0.005456
0 0.474702 0.539931 0.012235 0.004464
0 0.440642 0.631696 0.010251 0.004960
0 0.283399 0.617063 0.005291 0.003472
0 0.332176 0.648686 0.006283 0.004712
0 0.363095 0.669767 0.005291 0.005208
0 0.411872 0.664062 0.005622 0.004712
0 0.717097 0.622396 0.006283 0.010169
0 0.720238 0.613715 0.007275 0.005704
0 0.609458 0.718874 0.009259 0.011657
0 0.597553 0.683656 0.007937 0.008185
0 0.522817 0.701513 0.019180 0.006200
0 0.461310 0.698413 0.012566 0.005456
0 0.510417 0.677951 0.006944 0.006200
0 0.483962 0.749380 0.008267 0.005208
0 0.528439 0.732515 0.007937 0.004712
0 0.503968 0.719246 0.007275 0.006448
0 0.385251 0.698537 0.005291 0.004216
0 0.459325 0.572421 0.003307 0.002976
