0 0.425595 0.441592 0.008598 0.005704
0 0.343419 0.468998 0.008267 0.009921
0 0.340939 0.499380 0.005952 0.004712
0 0.346892 0.551587 0.005952 0.006944
0 0.287368 0.543899 0.007275 0.007440
0 0.285384 0.557540 0.005952 0.004960
0 0.276455 0.575645 0.007937 0.005456
0 0.452712 0.495164 0.007275 0.008681
0 0.614583 0.471354 0.005622 0.005704
0 0.674438 0.476562 0.005622 0.003720
0 0.637897 0.570188 0.011905 0.004464
0 0.563492 0.559400 0.005952 0.005208
0 0.575893 0.557664 0.006944 0.005208
0 0.570933 0.550471 0.008267 0.003720
0 0.631448 0.546627 0.010251 0.005952
0 0.682540 0.526414 0.006614 0.010665
0 0.403604 0.584821 0.006944 0.004960
0 0.332011 0.653150 0.005952 0.004216
0 0.619709 0.605531 0.007275 0.005704
0 0.571759 0.632564 0.007275 0.006696
0 0.412368 0.670635 0.006614 0.005952
0 0.366237 0.674231 0.006283 0.004216
0 0.427579 0.638517 0.013228 0.005208
0 0.460979 0.708209 0.013228 0.005208
0 0.515873 0.676835 0.007937 0.003968
0 0.494544 0.652654 0.007606 0.005208
0 0.539021 0.695933 0.013889 0.006448
0 0.516204 0.728423 0.007275 0.005952
0 0.535384 0.734375 0.006614 0.005952
0 0.618717 0.692832 0.007937 0.005704
0 0.619048 0.721726 0.007275 0.011905
0 0.716104 0.608631 0.005622 0.004960
0 0.720569 0.622272 0.006614 0.004960
0 0.727183 0.608631 0.007937 0.004464
0 0.467262 0.432044 0.004630 0.002976
0 0.505952 0.413938 0.003968 0.002976
0 0.392857 0.448165 0.005291 0.003472
0 0.392692 0.434028 0.004299 0.004464
0 0.559689 0.462922 0.007606 0.005208
0 0.556548 0.449777 0.008598 0.004712
0 0.277447 0.620164 0.005291 0.003720
0 0.389716 0.701513 0.005622 0.006696
0 0.467262 0.578745 0.005952 0.003224
0 0.606978 0.614707 0.004960 0.005208
