0 0.584160 0.601066 0.012235 0.006200
0 0.581349 0.467386 0.007937 0.007192
0 0.329200 0.563864 0.007606 0.005208
0 0.318783 0.539683 0.005952 0.004464
0 0.280919 0.529266 0.005622 0.006448
0 0.273975 0.607763 0.005622 0.004712
0 0.316303 0.623636 0.006944 0.005208
0 0.278439 0.650050 0.005952 0.004464
0 0.343089 0.643725 0.008929 0.005704
0 0.402612 0.663318 0.010251 0.005208
0 0.409226 0.648438 0.005622 0.005208
0 0.410880 0.717386 0.007606 0.005208
0 0.481316 0.719866 0.010913 0.009177
0 0.486607 0.716890 0.006283 0.006696
0 0.492063 0.740823 0.006614 0.006448
0 0.525794 0.745784 0.006614 0.005456
0 0.475860 0.665799 0.005291 0.005704
0 0.474372 0.618800 0.006283 0.007937
0 0.495866 0.611111 0.006944 0.007440
0 0.453704 0.564112 0.007275 0.005704
0 0.428406 0.527282 0.006944 0.003968
0 0.392526 0.568700 0.007275 0.005952
0 0.414352 0.569196 0.008598 0.004960
0 0.368386 0.615079 0.007275 0.004960
0 0.654927 0.519841 0.004960 0.007440
0 0.545139 0.638393 0.011574 0.005952
0 0.517526 0.614211 0.007275 0.004216
0 0.519345 0.611483 0.006283 0.006696
0 0.648313 0.622644 0.005622 0.005208
0 0.655093 0.638765 0.005291 0.004712
0 0.691964 0.644593 0.004960 0.004464
0 0.678902 0.568824 0.005952 0.008185
0 0.592758 0.576761 0.006283 0.005208
0 0.577546 0.557292 0.006944 0.004464
0 0.690807 0.686880 0.005952 0.005704
0 0.727183 0.576513 0.007937 0.004216
0 0.674769 0.549479 0.006283 0.008185
0 0.708499 0.543651 0.006283 0.005456
0 0.719907 0.521205 0.009921 0.006200
0 0.663525 0.520957 0.010251 0.005208
0 0.523313 0.533234 0.004299 0.005952
0 0.505787 0.501984 0.006283 0.004464
0 0.544643 0.480779 0.006614 0.004216
0 0.496528 0.440476 0.006283 0.004960
0 0.479497 0.430060 0.005952 0.003968
0 0.508763 0.415675 0.008929 0.004960
0 0.302249 0.567212 0.005291 0.004960
0 0.288029 0.524678 0.008598 0.005208
0 0.343089 0.680308 0.006283 0.004464
