0 0.371528 0.488963 0.005622 0.004712
0 0.414187 0.469246 0.005622 0.003968
0 0.460317 0.439980 0.005291 0.003968
0 0.321925 0.565476 0.009590 0.004464
0 0.423446 0.577753 0.004960 0.004216
0 0.412202 0.680680 0.006944 0.005704
0 0.565476 0.455109 0.007275 0.004960
0 0.692791 0.509797 0.012566 0.005208
0 0.703208 0.487227 0.004299 0.006696
0 0.603671 0.465650 0.006944 0.005704
0 0.617229 0.476190 0.010913 0.005952
0 0.552249 0.509425 0.009921 0.004464
0 0.572586 0.510789 0.003638 0.004216
0 0.600364 0.526290 0.005622 0.003472
0 0.385251 0.546255 0.004630 0.003720
0 0.404431 0.566964 0.006614 0.003472
0 0.394180 0.604911 0.007275 0.004960
0 0.355489 0.625000 0.005952 0.005952
0 0.330522 0.633433 0.007606 0.004464
0 0.541997 0.593998 0.007275 0.004464
0 0.625661 0.540303 0.004630 0.005208
0 0.707341 0.570437 0.007275 0.004960
0 0.492560 0.693948 0.008929 0.006448
0 0.625165 0.656126 0.006283 0.006696
0 0.690642 0.624008 0.006944 0.004464
0 0.425761 0.739831 0.004960 0.004464
0 0.471561 0.722966 0.005952 0.003968
0 0.536045 0.750868 0.005291 0.004216
0 0.436343 0.574405 0.004299 0.005456
0 0.626984 0.700397 0.004630 0.004960
0 0.562169 0.708457 0.007275 0.004712
0 0.645172 0.700025 0.006614 0.005208
0 0.667163 0.671131 0.007606 0.004464
0 0.647983 0.636905 0.006283 0.004960
0 0.699901 0.663938 0.010913 0.004464
0 0.708499 0.631696 0.004960 0.004464
