0 0.487930 0.451761 0.006944 0.004216
0 0.482804 0.440600 0.005291 0.004712
0 0.548776 0.431176 0.007606 0.004712
0 0.413029 0.527654 0.009259 0.005208
0 0.540509 0.446429 0.008929 0.007937
0 0.558697 0.441964 0.006944 0.005952
0 0.544312 0.480531 0.010582 0.005208
0 0.325728 0.571305 0.005952 0.004712
0 0.304729 0.605531 0.007606 0.008681
0 0.311673 0.655630 0.011574 0.006696
0 0.387897 0.599950 0.012566 0.005456
0 0.327712 0.513269 0.007937 0.006696
0 0.430721 0.452505 0.010913 0.008185
0 0.428075 0.616567 0.010251 0.005456
0 0.358796 0.591890 0.005952 0.005704
0 0.402282 0.563740 0.005622 0.005456
0 0.406250 0.573041 0.006283 0.006696
0 0.476025 0.576761 0.008267 0.005704
0 0.408399 0.630952 0.008598 0.005952
0 0.434854 0.645833 0.015212 0.005952
0 0.454530 0.645213 0.006283 0.005704
0 0.352679 0.706473 0.013558 0.005704
0 0.525132 0.619668 0.013228 0.005704
0 0.476356 0.648562 0.012897 0.004960
0 0.446098 0.664931 0.007275 0.006944
0 0.453042 0.665799 0.012566 0.006696
0 0.403439 0.690724 0.006614 0.004960
0 0.482639 0.668031 0.006944 0.004712
0 0.643849 0.439484 0.007937 0.003472
0 0.552414 0.467510 0.004960 0.004464
0 0.669808 0.491195 0.006283 0.008681
0 0.702546 0.473710 0.010913 0.005952
0 0.697090 0.463170 0.014550 0.005208
0 0.674934 0.517609 0.007275 0.005456
0 0.566468 0.561384 0.005291 0.004712
0 0.614749 0.590526 0.010582 0.006944
0 0.569444 0.596850 0.005291 0.004712
0 0.584987 0.601190 0.006614 0.005456
0 0.630456 0.621156 0.006283 0.004712
0 0.710483 0.587054 0.005622 0.005456
0 0.608962 0.657614 0.009590 0.005208
0 0.629464 0.662202 0.006283 0.005456
0 0.647156 0.668899 0.008598 0.005456
0 0.634094 0.706845 0.006283 0.007440
0 0.671131 0.687624 0.008929 0.006696
