0 0.441303 0.516617 0.013558 0.004960
0 0.540344 0.591518 0.006614 0.005456
0 0.606481 0.582837 0.010582 0.004464
0 0.605324 0.562872 0.006283 0.004712
0 0.536872 0.613467 0.005622 0.005208
0 0.666997 0.527406 0.009259 0.005704
0 0.666336 0.497892 0.005952 0.004216
0 0.487930 0.667783 0.006283 0.004216
0 0.435351 0.718626 0.008267 0.004712
0 0.412368 0.644841 0.006614 0.004960
0 0.347718 0.647569 0.004960 0.004960
0 0.323909 0.624752 0.006283 0.003968
0 0.463790 0.579985 0.006944 0.004712
0 0.318618 0.545139 0.008929 0.006448
0 0.312500 0.555804 0.006614 0.005456
0 0.268519 0.553571 0.006614 0.007937
0 0.292328 0.558780 0.005291 0.005456
0 0.282903 0.603051 0.004960 0.004216
0 0.326058 0.579613 0.005291 0.005456
0 0.386739 0.556672 0.005622 0.007688
0 0.297288 0.658854 0.006614 0.004712
0 0.419147 0.665551 0.006944 0.006200
0 0.354332 0.682788 0.008267 0.005456
0 0.510417 0.529266 0.005622 0.003472
0 0.469246 0.611235 0.006614 0.006200
0 0.521495 0.632564 0.005291 0.006696
0 0.568948 0.634053 0.007606 0.008185
0 0.368552 0.706349 0.006944 0.005952
0 0.500661 0.715774 0.005291 0.004464
0 0.484788 0.723462 0.005291 0.004960
0 0.553075 0.727431 0.009590 0.008929
0 0.483962 0.712550 0.010913 0.009921
0 0.679233 0.552951 0.008598 0.003720
0 0.577712 0.540179 0.005291 0.005456
0 0.664848 0.611359 0.010251 0.005952
0 0.666832 0.619544 0.004960 0.004464
0 0.708995 0.635293 0.005291 0.004216
0 0.704861 0.657490 0.007606 0.004464
0 0.282903 0.516121 0.004960 0.003968
0 0.477844 0.424355 0.006614 0.004960
0 0.475860 0.438740 0.007275 0.004960
0 0.571098 0.438740 0.010582 0.004464
0 0.522817 0.403026 0.005291 0.003472
0 0.572421 0.478051 0.005952 0.006200
0 0.572255 0.445188 0.006283 0.004464
0 0.390542 0.573165 0.005291 0.003968
0 0.365245 0.615575 0.006944 0.005456
