0 0.420304 0.447421 0.005291 0.003472
0 0.472718 0.426959 0.005622 0.003224
0 0.555390 0.432788 0.007606 0.005952
0 0.455357 0.444692 0.005291 0.003472
0 0.381944 0.442832 0.004630 0.004216
0 0.322090 0.464286 0.007937 0.004960
0 0.287698 0.522569 0.004630 0.004464
0 0.308697 0.555556 0.008267 0.005456
0 0.285549 0.560020 0.004960 0.003968
0 0.295304 0.554936 0.003968 0.004216
0 0.375165 0.562128 0.004960 0.006200
0 0.389716 0.571305 0.006944 0.004216
0 0.444775 0.511657 0.007937 0.005456
0 0.561673 0.448909 0.004960 0.004464
0 0.570933 0.477679 0.006283 0.004464
0 0.568122 0.536458 0.003968 0.005952
0 0.494378 0.527902 0.005952 0.004712
0 0.280754 0.607391 0.005952 0.003968
0 0.270999 0.611483 0.004299 0.004216
0 0.321098 0.631200 0.005291 0.005456
0 0.345569 0.655506 0.005952 0.005456
0 0.407407 0.649802 0.006614 0.006448
0 0.425265 0.673983 0.007937 0.005704
0 0.461971 0.610367 0.005952 0.004960
0 0.463955 0.595982 0.005952 0.004960
0 0.542493 0.589906 0.007606 0.005208
0 0.540344 0.618180 0.007275 0.005704
0 0.530093 0.648189 0.006614 0.008185
0 0.571263 0.636037 0.009590 0.005704
0 0.489583 0.672123 0.007606 0.005456
0 0.483300 0.717510 0.014220 0.008929
0 0.354993 0.688244 0.008929 0.004960
0 0.361442 0.707589 0.007937 0.005952
0 0.442460 0.727679 0.009259 0.006448
0 0.563492 0.727431 0.011243 0.010417
0 0.610284 0.581597 0.006944 0.005456
0 0.596726 0.563120 0.007606 0.004216
0 0.665675 0.494916 0.005952 0.004712
0 0.656250 0.518477 0.006944 0.006696
0 0.617394 0.519345 0.005952 0.003472
0 0.652778 0.532242 0.007937 0.006448
0 0.679894 0.547123 0.009259 0.004464
0 0.723214 0.554936 0.006614 0.004216
0 0.672288 0.611731 0.011905 0.005208
0 0.666171 0.620784 0.004960 0.003968
0 0.708664 0.648686 0.007275 0.005704
0 0.712632 0.632564 0.006614 0.004216
0 0.721230 0.629464 0.006614 0.004960
0 0.519841 0.402778 0.004630 0.002976
