0 0.415840 0.512773 0.006283 0.006696
0 0.503142 0.452257 0.010913 0.004712
0 0.551753 0.423239 0.006283 0.008681
0 0.458003 0.501364 0.006614 0.005704
0 0.315146 0.559524 0.006614 0.005952
0 0.317295 0.503472 0.008929 0.003968
0 0.290179 0.594866 0.006283 0.007688
0 0.297123 0.648313 0.014881 0.005456
0 0.390542 0.587178 0.009259 0.005704
0 0.510251 0.401910 0.008598 0.003224
0 0.566964 0.445188 0.006283 0.003968
0 0.547454 0.451389 0.009590 0.005952
0 0.546131 0.472842 0.005622 0.006200
0 0.550926 0.487971 0.007937 0.005208
0 0.659061 0.443700 0.009921 0.006448
0 0.667989 0.500620 0.006614 0.006696
0 0.673611 0.511409 0.007937 0.006944
0 0.468750 0.576017 0.007606 0.004712
0 0.405093 0.604539 0.009921 0.005208
0 0.417328 0.635913 0.007275 0.003472
0 0.417989 0.643105 0.015212 0.004960
0 0.422288 0.666667 0.011243 0.007440
0 0.389550 0.685392 0.007275 0.004712
0 0.335483 0.701513 0.006283 0.006200
0 0.373016 0.703497 0.007937 0.004712
0 0.446098 0.667907 0.010582 0.004960
0 0.470899 0.652654 0.009259 0.004712
0 0.452546 0.654886 0.006283 0.005704
0 0.530423 0.610615 0.011905 0.005456
0 0.420470 0.560268 0.006283 0.003968
0 0.562169 0.562128 0.007275 0.004712
0 0.561177 0.594866 0.007275 0.005704
0 0.570933 0.593502 0.008929 0.004960
0 0.611276 0.592882 0.007606 0.007688
0 0.692626 0.590278 0.006944 0.004464
0 0.615245 0.620660 0.008267 0.004216
0 0.617560 0.661210 0.006944 0.004464
0 0.623677 0.671379 0.007275 0.005952
0 0.607308 0.709573 0.007606 0.004960
0 0.666832 0.693700 0.008929 0.005456
0 0.694775 0.688740 0.007937 0.005952
0 0.591601 0.666419 0.008598 0.005456
