0 0.350364 0.466270 0.008929 0.008929
0 0.344081 0.497520 0.006944 0.005456
0 0.287368 0.547991 0.006614 0.006200
0 0.288690 0.557168 0.007275 0.004712
0 0.278935 0.575893 0.005622 0.005456
0 0.427083 0.442708 0.005622 0.004960
0 0.620205 0.476811 0.006944 0.006200
0 0.637235 0.570312 0.011243 0.006696
0 0.564484 0.563988 0.006614 0.004464
0 0.458003 0.494296 0.006614 0.008433
0 0.332507 0.652406 0.005622 0.004712
0 0.412864 0.671255 0.005622 0.007192
0 0.489914 0.649306 0.005622 0.005952
0 0.571098 0.631448 0.005291 0.006448
0 0.461640 0.706473 0.013228 0.005208
0 0.513558 0.679812 0.006614 0.003968
0 0.619378 0.609747 0.007275 0.006200
0 0.533565 0.698537 0.015542 0.005208
0 0.616237 0.720982 0.006283 0.011409
0 0.611772 0.690600 0.006614 0.006696
0 0.512070 0.726314 0.004960 0.006200
0 0.406911 0.585938 0.004299 0.004216
0 0.433862 0.637029 0.013228 0.004712
0 0.365741 0.673735 0.005291 0.005208
0 0.397487 0.450645 0.005291 0.003472
0 0.564484 0.465526 0.009921 0.005952
0 0.572586 0.548983 0.008267 0.004216
0 0.576389 0.559028 0.008598 0.006448
0 0.635417 0.547743 0.006944 0.005208
0 0.686012 0.528522 0.006283 0.008433
0 0.676257 0.479291 0.004630 0.004216
0 0.719907 0.623884 0.006614 0.006696
0 0.718585 0.610987 0.006614 0.004712
0 0.724868 0.610987 0.005291 0.003720
0 0.489749 0.754216 0.007275 0.005456
0 0.531250 0.734995 0.006283 0.004712
0 0.472388 0.433284 0.006283 0.003472
0 0.509755 0.415799 0.006283 0.003224
0 0.537037 0.409970 0.005291 0.004464
0 0.280919 0.619420 0.006283 0.005208
