0 0.579696 0.633185 0.009259 0.006448
0 0.503307 0.654638 0.005952 0.004712
0 0.566799 0.549727 0.007275 0.006200
0 0.423611 0.641121 0.009921 0.003968
0 0.463955 0.710813 0.014550 0.005456
0 0.551918 0.687872 0.007275 0.007192
0 0.345403 0.546999 0.004960 0.006696
0 0.341766 0.501488 0.006283 0.003968
0 0.292989 0.541791 0.005291 0.007192
0 0.287202 0.559276 0.006283 0.003968
0 0.276951 0.575025 0.006283 0.004216
0 0.644511 0.567956 0.009259 0.005456
0 0.623347 0.597594 0.007275 0.006696
0 0.417328 0.671007 0.005291 0.007688
0 0.373347 0.675967 0.005291 0.005208
0 0.335648 0.655258 0.005952 0.004464
0 0.407077 0.582589 0.006614 0.004464
0 0.397321 0.701389 0.006283 0.004960
0 0.520503 0.676463 0.005952 0.004712
0 0.519180 0.731647 0.004630 0.004464
0 0.537037 0.735367 0.004630 0.004464
0 0.630952 0.696801 0.006614 0.008185
0 0.629134 0.721106 0.012235 0.010665
0 0.279597 0.619916 0.005622 0.003720
0 0.339616 0.476314 0.007937 0.008681
0 0.392857 0.448413 0.005291 0.003968
0 0.429233 0.442832 0.005952 0.003720
0 0.466270 0.430804 0.005291 0.003472
0 0.506614 0.409350 0.004630 0.004216
0 0.611442 0.462798 0.005952 0.005456
0 0.552083 0.459077 0.009590 0.005456
0 0.677579 0.470238 0.005952 0.003968
0 0.451058 0.497024 0.010582 0.005952
0 0.631779 0.542907 0.007606 0.005456
0 0.576720 0.554688 0.007275 0.005208
0 0.687004 0.522073 0.007606 0.007937
0 0.707341 0.589410 0.005291 0.004216
0 0.718089 0.602059 0.004299 0.004712
0 0.607143 0.607639 0.005291 0.004960
0 0.522652 0.622272 0.008929 0.004464
0 0.305225 0.628348 0.006614 0.004216
