0 0.540344 0.431672 0.009921 0.007688
0 0.437996 0.436384 0.004960 0.006696
0 0.476356 0.458085 0.010251 0.005952
0 0.547454 0.462178 0.007606 0.004712
0 0.559854 0.427331 0.006614 0.007440
0 0.562169 0.432540 0.008598 0.005952
0 0.568783 0.436880 0.007937 0.006696
0 0.666171 0.476562 0.011574 0.006696
0 0.640046 0.432044 0.010913 0.005952
0 0.686673 0.514633 0.006283 0.007440
0 0.429894 0.558904 0.009259 0.006696
0 0.462136 0.548611 0.012235 0.004464
0 0.340443 0.585938 0.006944 0.005208
0 0.323082 0.617684 0.006614 0.006200
0 0.334656 0.669643 0.005952 0.006448
0 0.399140 0.616319 0.013228 0.004960
0 0.411706 0.623264 0.007937 0.005456
0 0.457176 0.619296 0.007606 0.005456
0 0.480655 0.567336 0.010913 0.004712
0 0.495701 0.558904 0.009921 0.004712
0 0.617560 0.571801 0.006944 0.007688
0 0.594081 0.555680 0.008929 0.005704
0 0.390377 0.592758 0.008929 0.005952
0 0.396329 0.686756 0.009590 0.005952
0 0.354332 0.707837 0.007606 0.008433
0 0.430721 0.699405 0.005622 0.004960
0 0.448909 0.657986 0.006283 0.004464
0 0.471892 0.652034 0.006614 0.005952
0 0.510417 0.647445 0.012897 0.005208
0 0.508598 0.611359 0.009259 0.005456
0 0.494378 0.627728 0.007275 0.004960
0 0.502480 0.629092 0.011574 0.005704
0 0.548115 0.673735 0.006283 0.004216
0 0.505952 0.685020 0.005291 0.005456
0 0.591270 0.598834 0.006614 0.004712
0 0.619544 0.609623 0.010913 0.004960
0 0.666501 0.608011 0.006283 0.006696
0 0.655589 0.640129 0.006283 0.007937
0 0.660880 0.659598 0.007606 0.007688
0 0.689484 0.634673 0.007937 0.007937
0 0.683201 0.680928 0.005952 0.005208
0 0.685516 0.690972 0.007275 0.007937
0 0.747520 0.634301 0.015542 0.006696
0 0.750661 0.567088 0.009259 0.005208
0 0.564153 0.408482 0.007275 0.004464
0 0.349041 0.656126 0.004960 0.005208
