0 0.639881 0.499380 0.005291 0.005208
0 0.553241 0.576017 0.009259 0.006200
0 0.581184 0.562624 0.006283 0.004712
0 0.554729 0.622644 0.008267 0.005208
0 0.472388 0.619668 0.007606 0.006200
0 0.453208 0.618552 0.010913 0.005456
0 0.353671 0.662326 0.006283 0.005208
0 0.281581 0.611607 0.005622 0.004464
0 0.325231 0.638765 0.005622 0.004216
0 0.338790 0.476811 0.005622 0.004712
0 0.283730 0.541915 0.005952 0.005952
0 0.293981 0.551711 0.005291 0.008185
0 0.290013 0.568452 0.006614 0.005456
0 0.353836 0.558160 0.007275 0.004712
0 0.328208 0.593750 0.008929 0.003968
0 0.408234 0.577629 0.006283 0.003968
0 0.409888 0.655630 0.009590 0.006696
0 0.447917 0.685392 0.008929 0.005704
0 0.369544 0.694816 0.004299 0.005704
0 0.501157 0.676463 0.006283 0.005208
0 0.558036 0.664559 0.006283 0.007192
0 0.598876 0.625744 0.007275 0.009921
0 0.623512 0.573165 0.008267 0.006944
0 0.644345 0.544643 0.005622 0.004464
0 0.494213 0.711558 0.005622 0.004960
0 0.464947 0.738467 0.007275 0.004712
0 0.485284 0.718502 0.008929 0.006944
0 0.517526 0.727307 0.008598 0.005208
0 0.588459 0.723214 0.009590 0.009425
0 0.434193 0.442336 0.005291 0.008185
0 0.453042 0.493676 0.009259 0.003720
0 0.476521 0.427703 0.005291 0.003720
0 0.510747 0.409226 0.004960 0.005952
0 0.546958 0.422867 0.008598 0.003968
0 0.572917 0.475818 0.005622 0.004216
0 0.573247 0.537946 0.006283 0.004960
0 0.672288 0.488219 0.005291 0.003224
0 0.687169 0.534226 0.005291 0.005456
0 0.680390 0.614087 0.003638 0.003968
0 0.696759 0.615451 0.011905 0.005208
0 0.711475 0.626984 0.012235 0.005952
0 0.720073 0.620040 0.008267 0.006448
0 0.725694 0.625496 0.006944 0.005456
0 0.538360 0.622148 0.005952 0.004216
0 0.409392 0.446925 0.005291 0.003968
