0 0.336806 0.485491 0.006283 0.008681
0 0.345403 0.505208 0.008267 0.006944
0 0.302249 0.543651 0.006614 0.006448
0 0.294147 0.563492 0.006283 0.004464
0 0.282077 0.578497 0.006614 0.004712
0 0.346561 0.545635 0.005952 0.005952
0 0.449239 0.501984 0.010251 0.006448
0 0.567295 0.541047 0.008267 0.005704
0 0.564484 0.549231 0.007275 0.003720
0 0.578042 0.552703 0.007275 0.004712
0 0.338955 0.655878 0.006614 0.003720
0 0.422123 0.643229 0.010251 0.007192
0 0.381283 0.676091 0.005952 0.005456
0 0.420966 0.672247 0.006614 0.009177
0 0.465443 0.713666 0.016204 0.005208
0 0.651620 0.566964 0.008267 0.005456
0 0.510086 0.656002 0.007606 0.003968
0 0.588294 0.633681 0.010582 0.005456
0 0.627976 0.593006 0.007275 0.006448
0 0.560516 0.687748 0.007937 0.010913
0 0.528274 0.674727 0.005622 0.006200
0 0.527447 0.735243 0.005291 0.004216
0 0.543981 0.734375 0.005952 0.004464
0 0.641369 0.698909 0.006944 0.006944
0 0.638393 0.722346 0.012897 0.009673
0 0.430721 0.445064 0.006944 0.005208
0 0.465443 0.430308 0.006283 0.004464
0 0.551918 0.460441 0.007275 0.003720
0 0.609292 0.456597 0.006283 0.006944
0 0.634425 0.542907 0.006283 0.004960
0 0.412202 0.584821 0.006944 0.004464
0 0.466270 0.535714 0.007937 0.003968
0 0.716766 0.597718 0.006283 0.005456
0 0.711971 0.583333 0.003968 0.003968
0 0.685516 0.521329 0.005291 0.004960
0 0.283069 0.620908 0.005952 0.004216
0 0.370205 0.693204 0.006283 0.004960
0 0.402116 0.703497 0.005952 0.005208
0 0.389881 0.449157 0.003968 0.003968
