0 0.417493 0.482639 0.006944 0.004464
0 0.482970 0.473462 0.006283 0.005952
0 0.530919 0.456969 0.006283 0.006200
0 0.553406 0.406374 0.007606 0.006696
0 0.559524 0.452257 0.011905 0.004712
0 0.547619 0.476935 0.008598 0.004464
0 0.583003 0.450025 0.007275 0.005208
0 0.294643 0.526662 0.007275 0.006696
0 0.281415 0.564112 0.009921 0.005208
0 0.288690 0.627356 0.010582 0.005208
0 0.387235 0.646577 0.006614 0.007440
0 0.364749 0.662946 0.005291 0.004464
0 0.371032 0.654514 0.011905 0.004960
0 0.320106 0.575025 0.006614 0.005704
0 0.393519 0.558160 0.005952 0.004712
0 0.375496 0.580853 0.009590 0.004960
0 0.457837 0.590526 0.006944 0.007440
0 0.568287 0.499132 0.008267 0.004216
0 0.685847 0.490575 0.007275 0.007440
0 0.684524 0.498264 0.007275 0.006944
0 0.552083 0.554067 0.006944 0.005456
0 0.516369 0.609251 0.006944 0.004712
0 0.413029 0.642733 0.006614 0.003720
0 0.415509 0.649306 0.006283 0.003968
0 0.458333 0.651166 0.008598 0.005208
0 0.427083 0.667783 0.007606 0.004216
0 0.435185 0.661582 0.005952 0.004712
0 0.459160 0.742560 0.012235 0.006448
0 0.600529 0.595238 0.006614 0.005952
0 0.588955 0.611979 0.007275 0.004712
0 0.663525 0.583829 0.004960 0.004960
0 0.545304 0.567460 0.006614 0.005456
0 0.548446 0.589658 0.005622 0.005208
0 0.602513 0.659846 0.004630 0.004712
0 0.647652 0.679315 0.011574 0.008433
0 0.575231 0.679315 0.004960 0.004464
0 0.581349 0.672867 0.007275 0.007937
0 0.569114 0.706101 0.006614 0.004464
0 0.658896 0.697049 0.009590 0.005704
0 0.667989 0.698537 0.011243 0.007688
0 0.489253 0.530506 0.009590 0.002976
