0 0.338955 0.486483 0.005291 0.004712
0 0.412698 0.458457 0.005952 0.003224
0 0.566964 0.468998 0.007606 0.005952
0 0.495536 0.518105 0.004960 0.004960
0 0.647321 0.471974 0.006283 0.005456
0 0.644841 0.488467 0.007275 0.004712
0 0.711806 0.500620 0.005622 0.003720
0 0.698743 0.509425 0.007275 0.006944
0 0.688492 0.538690 0.011243 0.004464
0 0.307540 0.551711 0.006614 0.004712
0 0.314153 0.615699 0.007275 0.003720
0 0.299603 0.643353 0.007275 0.004464
0 0.340939 0.609003 0.006614 0.005208
0 0.562169 0.510913 0.005952 0.003968
0 0.588790 0.529638 0.006944 0.004712
0 0.548115 0.468006 0.007606 0.004464
0 0.673115 0.635417 0.007606 0.008433
0 0.710152 0.579985 0.007606 0.004712
0 0.414848 0.546503 0.006944 0.005208
0 0.614749 0.540179 0.005291 0.003968
0 0.393188 0.665923 0.005952 0.006944
0 0.368386 0.709945 0.006614 0.009177
0 0.466601 0.735491 0.005952 0.003720
0 0.476190 0.744172 0.005291 0.005704
0 0.511409 0.731275 0.006944 0.005704
0 0.570271 0.745908 0.012235 0.007192
0 0.583829 0.742188 0.011574 0.005208
0 0.596396 0.723462 0.004960 0.005952
0 0.600033 0.678943 0.006944 0.009177
0 0.636905 0.708085 0.005952 0.006448
0 0.613922 0.651786 0.006283 0.004464
0 0.639220 0.679688 0.005291 0.005208
0 0.678902 0.681920 0.005952 0.004216
0 0.529431 0.597594 0.005952 0.004712
0 0.549603 0.608011 0.007275 0.005208
0 0.481978 0.687624 0.007606 0.004712
