0 0.638062 0.495412 0.004960 0.005208
0 0.572917 0.540303 0.005622 0.005208
0 0.429563 0.442708 0.005952 0.007440
0 0.340443 0.480283 0.004960 0.004712
0 0.474702 0.428943 0.005622 0.003720
0 0.548611 0.419643 0.007275 0.003968
0 0.557374 0.573413 0.008267 0.005952
0 0.452216 0.491691 0.007606 0.006200
0 0.351356 0.558532 0.005622 0.003968
0 0.281581 0.544767 0.004960 0.006696
0 0.293155 0.551959 0.007606 0.008681
0 0.287202 0.569320 0.006283 0.008681
0 0.291501 0.564856 0.005622 0.006200
0 0.404762 0.449653 0.005291 0.005456
0 0.385582 0.443328 0.005952 0.003224
0 0.570767 0.472966 0.005952 0.004960
0 0.674603 0.486483 0.005291 0.004712
0 0.689815 0.532614 0.005291 0.004712
0 0.642196 0.547619 0.007937 0.005456
0 0.627646 0.572421 0.012566 0.006944
0 0.579200 0.562252 0.007606 0.005456
0 0.475033 0.625620 0.006283 0.007192
0 0.356151 0.663194 0.005952 0.003472
0 0.328704 0.640501 0.005291 0.003720
0 0.283730 0.609747 0.005952 0.006200
0 0.333499 0.595238 0.008929 0.004960
0 0.408896 0.579489 0.006283 0.003720
0 0.444114 0.563988 0.003968 0.004464
0 0.448743 0.622024 0.008598 0.005456
0 0.557705 0.624256 0.008929 0.005952
0 0.408069 0.656994 0.006614 0.006944
0 0.451058 0.687996 0.009921 0.005952
0 0.473876 0.536830 0.007275 0.005208
0 0.509755 0.413070 0.004299 0.004712
0 0.702216 0.616319 0.008929 0.004960
0 0.712136 0.623636 0.008929 0.006200
0 0.719742 0.618304 0.006283 0.005952
0 0.603671 0.622396 0.008267 0.009673
0 0.502646 0.710813 0.013228 0.004960
0 0.469577 0.740079 0.007937 0.005456
0 0.486938 0.715650 0.010913 0.006200
0 0.500661 0.676091 0.005291 0.005952
0 0.564815 0.668527 0.007275 0.006200
0 0.519676 0.728299 0.007606 0.005704
0 0.594742 0.721478 0.009590 0.011409
