0 0.450231 0.559648 0.006283 0.005208
0 0.492229 0.607391 0.006283 0.006944
0 0.474206 0.620536 0.007937 0.005952
0 0.406415 0.648934 0.005291 0.005208
0 0.399140 0.662946 0.011243 0.004960
0 0.342593 0.642361 0.007937 0.005952
0 0.316634 0.624008 0.008929 0.006448
0 0.277282 0.609747 0.006283 0.004712
0 0.319114 0.537946 0.007275 0.004960
0 0.286706 0.520461 0.005291 0.007688
0 0.293155 0.526042 0.007606 0.003968
0 0.308036 0.566964 0.006283 0.005456
0 0.310516 0.580853 0.004630 0.004960
0 0.334656 0.566964 0.009921 0.005456
0 0.370701 0.613343 0.007275 0.005456
0 0.396495 0.572669 0.004630 0.007440
0 0.428241 0.530754 0.005291 0.005456
0 0.420470 0.568576 0.010251 0.004712
0 0.513062 0.613963 0.007606 0.005208
0 0.517857 0.614087 0.007937 0.006448
0 0.580192 0.604663 0.010913 0.006944
0 0.538525 0.641245 0.008267 0.004712
0 0.473214 0.664435 0.006614 0.005456
0 0.473380 0.653894 0.006283 0.004712
0 0.404101 0.715154 0.010582 0.005208
0 0.343089 0.679812 0.006944 0.003968
0 0.481647 0.714534 0.006944 0.007937
0 0.483466 0.721478 0.008598 0.011409
0 0.524471 0.748760 0.007275 0.006448
0 0.491071 0.744048 0.005952 0.007937
0 0.590112 0.579489 0.006283 0.005704
0 0.578704 0.560640 0.007937 0.004712
0 0.655093 0.644221 0.003968 0.003720
0 0.652943 0.623388 0.006283 0.005208
0 0.693452 0.646577 0.005291 0.005952
0 0.730489 0.581721 0.007937 0.004216
0 0.584821 0.472594 0.008267 0.007688
0 0.502646 0.438740 0.005952 0.004464
0 0.481978 0.430928 0.006283 0.004216
0 0.506283 0.416667 0.007937 0.004464
0 0.404597 0.452505 0.004299 0.005208
0 0.437665 0.450769 0.006283 0.003224
0 0.545304 0.478299 0.005291 0.005704
0 0.657242 0.523065 0.006283 0.007440
0 0.665840 0.517733 0.010913 0.004712
0 0.720734 0.523686 0.011574 0.004712
0 0.706515 0.547619 0.006283 0.005456
0 0.680556 0.552827 0.005952 0.007440
0 0.684689 0.570809 0.005622 0.005704
0 0.628638 0.551339 0.005952 0.004464
