0 0.283069 0.521701 0.006614 0.007192
0 0.298776 0.555432 0.006283 0.004712
0 0.259094 0.565600 0.006944 0.006200
0 0.286376 0.559400 0.004630 0.005704
0 0.309854 0.550967 0.009921 0.005208
0 0.374835 0.560268 0.008267 0.006944
0 0.383102 0.570933 0.007606 0.004464
0 0.463624 0.589534 0.005291 0.005456
0 0.441964 0.512773 0.010251 0.005704
0 0.566964 0.537202 0.004960 0.005456
0 0.318618 0.627728 0.005622 0.004464
0 0.281415 0.603051 0.005291 0.004216
0 0.318783 0.583085 0.007937 0.004464
0 0.407407 0.646329 0.005291 0.004464
0 0.342593 0.650546 0.005291 0.005456
0 0.421958 0.670139 0.007275 0.004960
0 0.349868 0.685392 0.004630 0.003720
0 0.359292 0.707465 0.005622 0.005704
0 0.438988 0.724454 0.008267 0.004464
0 0.478009 0.723834 0.005622 0.005208
0 0.484788 0.716022 0.007275 0.010417
0 0.489087 0.668775 0.006614 0.005208
0 0.463955 0.643477 0.007937 0.004216
0 0.466104 0.609995 0.006944 0.005208
0 0.543155 0.591394 0.007606 0.005704
0 0.537533 0.616319 0.007606 0.005456
0 0.528439 0.641617 0.005952 0.008433
0 0.524306 0.630580 0.005622 0.004712
0 0.503968 0.719742 0.007275 0.005952
0 0.559689 0.727307 0.010913 0.009177
0 0.606812 0.582589 0.008598 0.005456
0 0.566138 0.634549 0.006614 0.004712
0 0.599868 0.563120 0.007937 0.004216
0 0.666501 0.610491 0.013558 0.004216
0 0.666005 0.620412 0.005291 0.003224
0 0.680886 0.548239 0.008598 0.003720
0 0.666005 0.494916 0.005291 0.004712
0 0.660714 0.523313 0.007275 0.005456
0 0.317626 0.459821 0.005622 0.005952
0 0.422288 0.445809 0.005291 0.003720
0 0.462963 0.442708 0.005952 0.003472
0 0.473876 0.424975 0.005291 0.004216
0 0.561508 0.435020 0.009921 0.004960
0 0.569444 0.476687 0.005952 0.003968
0 0.707011 0.652034 0.007937 0.005456
0 0.711640 0.634549 0.005952 0.004712
0 0.725198 0.631324 0.005952 0.004712
0 0.726521 0.555680 0.006614 0.005208
