0 0.550099 0.433656 0.008267 0.004216
0 0.482970 0.452877 0.006283 0.004464
0 0.536872 0.443328 0.008929 0.006200
0 0.555060 0.439856 0.004960 0.005208
0 0.431217 0.445685 0.005952 0.003968
0 0.295800 0.514757 0.007606 0.003720
0 0.319114 0.514261 0.009259 0.006696
0 0.325397 0.580481 0.008598 0.005704
0 0.304233 0.614459 0.006614 0.006200
0 0.314649 0.663938 0.012235 0.005952
0 0.415509 0.538442 0.008929 0.005952
0 0.456845 0.534350 0.008929 0.004216
0 0.388889 0.608135 0.012566 0.005456
0 0.404927 0.567584 0.005622 0.004712
0 0.409226 0.574157 0.006944 0.004960
0 0.404266 0.634797 0.006283 0.006696
0 0.367890 0.704241 0.011574 0.007192
0 0.445602 0.625000 0.008267 0.004960
0 0.444114 0.652158 0.009259 0.004216
0 0.456845 0.641369 0.006944 0.005456
0 0.446759 0.667411 0.007275 0.005952
0 0.408069 0.696181 0.006614 0.005952
0 0.470569 0.662822 0.013228 0.008185
0 0.483135 0.646205 0.009921 0.006696
0 0.519180 0.624876 0.010582 0.004712
0 0.481812 0.574901 0.007275 0.007440
0 0.500165 0.557664 0.006283 0.004216
0 0.543816 0.476562 0.007606 0.005208
0 0.556052 0.462798 0.005622 0.005952
0 0.669147 0.486979 0.008929 0.008681
0 0.641369 0.437624 0.006283 0.005208
0 0.693783 0.465898 0.009921 0.005208
0 0.571759 0.562004 0.007937 0.004960
0 0.674769 0.520213 0.006944 0.005208
0 0.617229 0.588294 0.009590 0.007440
0 0.640212 0.620536 0.007937 0.005952
0 0.593750 0.607019 0.006283 0.004712
0 0.575893 0.601190 0.008267 0.005456
0 0.718915 0.582837 0.007937 0.004960
0 0.639385 0.665303 0.008267 0.007192
0 0.659888 0.663442 0.006283 0.005952
0 0.619874 0.655878 0.008267 0.005704
0 0.499339 0.674975 0.007937 0.004216
0 0.647652 0.706845 0.009590 0.004960
0 0.673446 0.688368 0.008267 0.004216
