0 0.467427 0.613467 0.007606 0.005208
0 0.456184 0.616691 0.006283 0.005208
0 0.545635 0.581473 0.007937 0.006200
0 0.618056 0.577629 0.006614 0.007440
0 0.584656 0.564608 0.007275 0.003224
0 0.589782 0.632440 0.008929 0.007440
0 0.548942 0.623636 0.007275 0.006200
0 0.545635 0.662946 0.006614 0.008433
0 0.498347 0.678695 0.006614 0.004712
0 0.487765 0.714038 0.007937 0.005456
0 0.576389 0.725198 0.010582 0.007937
0 0.456349 0.736979 0.006614 0.004712
0 0.439980 0.444072 0.006283 0.007688
0 0.543981 0.427827 0.007937 0.005952
0 0.641865 0.508061 0.005291 0.005208
0 0.671296 0.492312 0.005291 0.004464
0 0.652116 0.542783 0.007937 0.004712
0 0.689484 0.540675 0.004630 0.004960
0 0.691799 0.618056 0.012566 0.003968
0 0.724372 0.554067 0.008267 0.004960
0 0.358962 0.562004 0.011574 0.004464
0 0.290509 0.538690 0.007606 0.008929
0 0.335152 0.473214 0.006944 0.005456
0 0.450066 0.500124 0.007937 0.004216
0 0.413690 0.448413 0.005291 0.006448
0 0.475529 0.428819 0.003968 0.003968
0 0.571429 0.537202 0.004630 0.004960
0 0.513724 0.407366 0.006283 0.004712
0 0.574074 0.478919 0.004630 0.003472
0 0.296462 0.556300 0.006283 0.006944
0 0.298611 0.566344 0.008598 0.005208
0 0.403770 0.576637 0.007275 0.003968
0 0.481812 0.531002 0.003968 0.003968
0 0.282903 0.611607 0.006283 0.004464
0 0.325231 0.638269 0.005622 0.005208
0 0.350529 0.661582 0.005291 0.006696
0 0.407903 0.654762 0.006283 0.005456
0 0.439153 0.683160 0.007937 0.005208
0 0.365079 0.695933 0.004630 0.003968
0 0.354167 0.708829 0.005291 0.004464
0 0.480489 0.726562 0.007937 0.005208
0 0.652447 0.711930 0.005291 0.006696
0 0.619709 0.640873 0.011905 0.005456
0 0.515708 0.728671 0.006944 0.006448
0 0.710152 0.634673 0.013558 0.010913
0 0.720899 0.625372 0.006614 0.004216
0 0.724702 0.631324 0.005622 0.005208
0 0.475694 0.508805 0.008929 0.005208
0 0.517857 0.494544 0.007937 0.003968
