0 0.330688 0.492188 0.009259 0.009177
0 0.345899 0.502356 0.006614 0.003720
0 0.341104 0.538690 0.011574 0.004464
0 0.302249 0.539559 0.006614 0.004712
0 0.296462 0.562376 0.006283 0.004712
0 0.283399 0.575893 0.005291 0.004960
0 0.290179 0.581473 0.004960 0.004712
0 0.283069 0.619172 0.005952 0.004216
0 0.413360 0.586186 0.005952 0.005208
0 0.376653 0.606027 0.006614 0.004712
0 0.342262 0.654142 0.007275 0.004216
0 0.432540 0.445064 0.005952 0.004712
0 0.449901 0.502232 0.010913 0.005456
0 0.460483 0.532986 0.007606 0.005952
0 0.565642 0.529142 0.006283 0.005208
0 0.563823 0.545511 0.005952 0.003720
0 0.583003 0.547743 0.011243 0.004216
0 0.605655 0.445561 0.006944 0.004216
0 0.690642 0.519717 0.007606 0.005704
0 0.657573 0.562748 0.006283 0.004464
0 0.636739 0.540427 0.006283 0.005456
0 0.633929 0.584449 0.011905 0.004712
0 0.617560 0.601811 0.004299 0.003720
0 0.596892 0.629092 0.009259 0.005704
0 0.720569 0.589286 0.005952 0.004960
0 0.732970 0.599206 0.014881 0.005952
0 0.740741 0.594122 0.011243 0.005704
0 0.426257 0.673487 0.007275 0.010665
0 0.418651 0.646825 0.011905 0.004464
0 0.390708 0.673239 0.006283 0.005208
0 0.468585 0.712302 0.014550 0.005952
0 0.517030 0.656374 0.008267 0.007192
0 0.564649 0.683780 0.008267 0.007440
0 0.536045 0.672371 0.005291 0.006944
0 0.654266 0.700893 0.006283 0.010913
0 0.644015 0.719494 0.005622 0.006448
0 0.551257 0.731771 0.005952 0.004712
0 0.535053 0.731523 0.005291 0.004712
0 0.509425 0.752108 0.006283 0.004216
0 0.390708 0.444940 0.006283 0.004464
0 0.464286 0.425719 0.006614 0.004712
0 0.546958 0.455357 0.009259 0.005456
0 0.557540 0.458705 0.005952 0.004712
0 0.409392 0.701389 0.005952 0.004464
0 0.483135 0.578125 0.005952 0.004464
