0 0.577712 0.610739 0.010582 0.005704
0 0.450231 0.555184 0.006944 0.004712
0 0.437004 0.534722 0.007606 0.005456
0 0.408234 0.453745 0.008929 0.005208
0 0.583168 0.566840 0.006283 0.003720
0 0.589451 0.483507 0.010913 0.006696
0 0.511409 0.437376 0.006944 0.005208
0 0.488922 0.433160 0.006283 0.004216
0 0.512070 0.415179 0.006283 0.005456
0 0.579861 0.445312 0.006283 0.003720
0 0.551257 0.480035 0.005952 0.004216
0 0.538525 0.535094 0.005622 0.004712
0 0.659061 0.530754 0.006614 0.005456
0 0.671131 0.516121 0.006283 0.005456
0 0.318122 0.536706 0.007937 0.005456
0 0.293981 0.528150 0.008598 0.005704
0 0.294478 0.507068 0.006283 0.009177
0 0.316964 0.626488 0.010251 0.007937
0 0.337467 0.572049 0.006944 0.004712
0 0.722884 0.528770 0.010582 0.004960
0 0.687996 0.559772 0.008929 0.006448
0 0.705192 0.552703 0.006944 0.006696
0 0.589616 0.586558 0.007275 0.006448
0 0.494544 0.606647 0.007606 0.006944
0 0.408565 0.652654 0.006944 0.004712
0 0.400628 0.663566 0.010913 0.004712
0 0.343750 0.643849 0.005622 0.005456
0 0.382440 0.617312 0.010913 0.005456
0 0.537864 0.649306 0.005622 0.006944
0 0.511243 0.618304 0.008598 0.005456
0 0.510582 0.614831 0.008598 0.005456
0 0.481978 0.625000 0.007606 0.005952
0 0.482308 0.717014 0.005622 0.006944
0 0.483962 0.725198 0.006283 0.008433
0 0.402612 0.715154 0.007606 0.006200
0 0.473545 0.666419 0.007275 0.007937
0 0.653935 0.622644 0.007606 0.005208
0 0.688492 0.575645 0.006614 0.005456
0 0.738591 0.587550 0.008267 0.004960
0 0.688988 0.649430 0.006944 0.004216
0 0.651786 0.654142 0.005952 0.003720
0 0.628638 0.664559 0.007937 0.007688
0 0.520337 0.754092 0.006944 0.005208
0 0.495205 0.753472 0.006283 0.008433
0 0.406911 0.577257 0.006944 0.009673
0 0.345569 0.684276 0.007937 0.003968
0 0.271825 0.612971 0.005952 0.004712
0 0.312500 0.570312 0.005952 0.005704
0 0.372520 0.718874 0.005622 0.004216
0 0.559358 0.411334 0.004960 0.007192
0 0.510086 0.402654 0.004960 0.004712
0 0.446925 0.452381 0.004960 0.003968
