0 0.324405 0.625248 0.007275 0.006448
0 0.348214 0.641617 0.005952 0.004960
0 0.349868 0.680680 0.007937 0.004216
0 0.500000 0.604911 0.007937 0.006448
0 0.400628 0.712674 0.006283 0.005704
0 0.403274 0.660218 0.011574 0.005456
0 0.412864 0.650298 0.008929 0.005456
0 0.483962 0.714286 0.006283 0.005952
0 0.484788 0.728795 0.007937 0.006696
0 0.474537 0.660714 0.007275 0.007440
0 0.486938 0.621900 0.007606 0.005704
0 0.508102 0.612723 0.006944 0.005208
0 0.509755 0.622892 0.006944 0.005704
0 0.542163 0.653770 0.009590 0.008433
0 0.592262 0.593006 0.008598 0.008433
0 0.580688 0.616443 0.010582 0.005704
0 0.667493 0.622644 0.008267 0.005704
0 0.692295 0.651662 0.006283 0.004216
0 0.649967 0.663442 0.004960 0.004464
0 0.698743 0.585069 0.004630 0.005456
0 0.413690 0.580853 0.006614 0.004960
0 0.400132 0.611359 0.007275 0.004960
0 0.452546 0.549975 0.006283 0.004712
0 0.324239 0.536210 0.007606 0.005456
0 0.300430 0.528646 0.011574 0.006696
0 0.351356 0.577505 0.007606 0.004712
0 0.325397 0.570933 0.005291 0.004464
0 0.318783 0.578869 0.008598 0.003968
0 0.448909 0.543775 0.006283 0.007688
0 0.590443 0.569940 0.008267 0.004960
0 0.700231 0.566468 0.007606 0.005456
0 0.748512 0.593378 0.006283 0.005208
0 0.706515 0.559524 0.004960 0.005952
0 0.675926 0.515129 0.007275 0.005456
0 0.663360 0.537078 0.007275 0.004712
0 0.725529 0.535218 0.006614 0.004464
0 0.410384 0.455233 0.008598 0.004216
0 0.498347 0.437500 0.005291 0.004464
0 0.522156 0.436756 0.006614 0.004960
0 0.597057 0.494048 0.010913 0.007440
0 0.562169 0.481771 0.005952 0.004216
0 0.547950 0.535838 0.005952 0.003720
0 0.521164 0.407986 0.005952 0.003472
0 0.518022 0.417411 0.006283 0.005952
