0 0.392196 0.566344 0.010582 0.006200
0 0.522321 0.456101 0.008267 0.007937
0 0.419808 0.492188 0.005622 0.005208
0 0.472057 0.480035 0.008929 0.004712
0 0.543816 0.474826 0.006283 0.005208
0 0.557870 0.453745 0.008598 0.005704
0 0.580192 0.449901 0.007606 0.005456
0 0.556052 0.411706 0.006283 0.008929
0 0.303902 0.494544 0.013228 0.004960
0 0.300595 0.538070 0.007275 0.007192
0 0.279431 0.575149 0.007937 0.006944
0 0.288690 0.635541 0.011905 0.005208
0 0.325397 0.580357 0.007937 0.005456
0 0.388062 0.591270 0.007606 0.006448
0 0.559524 0.497272 0.007937 0.004464
0 0.472884 0.585938 0.006614 0.007192
0 0.440476 0.564732 0.005291 0.005456
0 0.430886 0.560392 0.007937 0.004216
0 0.495040 0.537698 0.005952 0.004464
0 0.681382 0.499504 0.006283 0.007440
0 0.682044 0.505828 0.007606 0.008185
0 0.554067 0.559028 0.006283 0.004960
0 0.549603 0.591518 0.005291 0.005456
0 0.521660 0.604539 0.006944 0.005208
0 0.361442 0.697669 0.006614 0.004464
0 0.313327 0.692708 0.006944 0.007440
0 0.388889 0.658730 0.011905 0.005952
0 0.375827 0.673487 0.006944 0.005704
0 0.399967 0.647817 0.012235 0.006448
0 0.423611 0.648065 0.005291 0.004464
0 0.428571 0.647569 0.007275 0.003472
0 0.465608 0.654514 0.009259 0.004960
0 0.445271 0.661830 0.004960 0.004712
0 0.437004 0.670635 0.010251 0.003968
0 0.596396 0.615079 0.006283 0.006448
0 0.602844 0.593998 0.006614 0.004960
0 0.671627 0.588170 0.005952 0.004712
0 0.577381 0.679812 0.005952 0.005952
0 0.596065 0.670883 0.006944 0.004960
0 0.608466 0.662078 0.005291 0.004712
0 0.658730 0.680680 0.007275 0.005704
0 0.475694 0.752728 0.012235 0.005952
0 0.657738 0.697545 0.009921 0.006200
0 0.579861 0.709077 0.006283 0.005456
