0 0.555390 0.415923 0.006283 0.009425
0 0.512566 0.399182 0.008598 0.004712
0 0.513393 0.451389 0.008929 0.004464
0 0.575231 0.445933 0.007606 0.004464
0 0.553075 0.451513 0.010251 0.004216
0 0.319114 0.503348 0.012566 0.005208
0 0.418155 0.500124 0.006283 0.004712
0 0.462632 0.487103 0.007937 0.004464
0 0.544643 0.470982 0.006614 0.006448
0 0.556052 0.491443 0.008267 0.005208
0 0.675099 0.500248 0.006283 0.006448
0 0.566799 0.463418 0.004630 0.004216
0 0.425430 0.442956 0.005622 0.006448
0 0.311673 0.549727 0.006283 0.006696
0 0.291171 0.585689 0.005622 0.006696
0 0.677745 0.506076 0.005622 0.007192
0 0.390377 0.575025 0.012235 0.004216
0 0.417989 0.565352 0.005952 0.006200
0 0.425265 0.562748 0.009259 0.004464
0 0.468419 0.579117 0.009590 0.005952
0 0.488922 0.541543 0.006283 0.006696
0 0.294808 0.640749 0.014220 0.004712
0 0.325728 0.632316 0.009921 0.004216
0 0.408069 0.641741 0.015212 0.004712
0 0.405589 0.660218 0.012897 0.005456
0 0.383102 0.677083 0.006944 0.005456
0 0.370701 0.698041 0.006614 0.005704
0 0.445271 0.646701 0.004960 0.004216
0 0.395172 0.596354 0.007937 0.004712
0 0.442130 0.666667 0.013228 0.004464
0 0.449405 0.656870 0.004630 0.005704
0 0.466104 0.652158 0.010251 0.004216
0 0.524471 0.605159 0.011243 0.005456
0 0.558201 0.559524 0.005291 0.003968
0 0.556878 0.585813 0.009259 0.004464
0 0.552745 0.592510 0.006283 0.005952
0 0.487269 0.434896 0.004960 0.004216
0 0.608300 0.591394 0.006944 0.005704
0 0.605985 0.616443 0.007606 0.005208
0 0.681548 0.588170 0.007275 0.004712
0 0.613591 0.662078 0.006283 0.004712
0 0.583168 0.673735 0.008267 0.004712
0 0.608135 0.668031 0.012566 0.004712
0 0.593089 0.707713 0.008267 0.004712
0 0.676918 0.682788 0.007937 0.005456
0 0.664187 0.696305 0.008929 0.005704
