0 0.578042 0.456721 0.005952 0.005704
0 0.427579 0.522569 0.007275 0.004464
0 0.278274 0.538690 0.005622 0.004464
0 0.318783 0.540675 0.005291 0.004464
0 0.288029 0.521949 0.007937 0.005704
0 0.660053 0.509425 0.005291 0.006944
0 0.668651 0.541419 0.007275 0.006944
0 0.580192 0.550471 0.005622 0.005208
0 0.597718 0.570809 0.006944 0.004216
0 0.588955 0.594246 0.011243 0.005456
0 0.318122 0.624628 0.006614 0.003720
0 0.342593 0.645957 0.007937 0.006696
0 0.278935 0.645089 0.006283 0.004464
0 0.278604 0.606523 0.005622 0.005208
0 0.410053 0.647817 0.007275 0.005456
0 0.406415 0.663938 0.008598 0.005952
0 0.472388 0.619172 0.006944 0.005208
0 0.524140 0.602679 0.008598 0.005952
0 0.502149 0.618428 0.006283 0.008185
0 0.455853 0.568204 0.006944 0.004464
0 0.417493 0.717138 0.009590 0.004216
0 0.401124 0.571305 0.006614 0.004216
0 0.383267 0.561756 0.004630 0.005456
0 0.324405 0.561632 0.004630 0.005208
0 0.298115 0.564856 0.006944 0.004712
0 0.263062 0.539683 0.005622 0.004960
0 0.520337 0.530630 0.005622 0.005208
0 0.362103 0.616319 0.005291 0.004960
0 0.344742 0.680556 0.004960 0.004464
0 0.367063 0.709945 0.005952 0.004216
0 0.479497 0.667411 0.003968 0.004960
0 0.522652 0.614087 0.005622 0.004960
0 0.552414 0.633557 0.009590 0.004712
0 0.479167 0.714038 0.013889 0.006448
0 0.488922 0.717014 0.006944 0.004960
0 0.489418 0.736111 0.007275 0.005952
0 0.532242 0.737227 0.006283 0.005208
0 0.500992 0.732143 0.003968 0.003968
0 0.655754 0.621776 0.005291 0.004960
0 0.658069 0.628968 0.004630 0.003968
0 0.702050 0.642981 0.004630 0.005208
0 0.691138 0.675099 0.005291 0.004960
0 0.642361 0.719246 0.005622 0.002976
0 0.729332 0.570188 0.008267 0.003472
0 0.683697 0.562128 0.005622 0.005208
0 0.670635 0.521081 0.007937 0.003968
0 0.712798 0.537078 0.006944 0.005704
0 0.719742 0.514509 0.005622 0.004216
0 0.560351 0.480283 0.005622 0.004216
0 0.489914 0.438740 0.006283 0.003472
0 0.477679 0.426339 0.005622 0.004464
0 0.575562 0.443948 0.004960 0.003968
0 0.432705 0.446429 0.004960 0.004464
