0 0.444444 0.555721 0.005952 0.007606
0 0.441716 0.531911 0.016865 0.011574
0 0.451265 0.509425 0.004712 0.018849
0 0.469122 0.501819 0.012649 0.014220
0 0.416543 0.546958 0.013145 0.020503
0 0.402654 0.525794 0.005704 0.006614
0 0.385789 0.581019 0.008185 0.012566
0 0.421875 0.395503 0.006944 0.022487
0 0.440228 0.437335 0.008433 0.014220
0 0.457465 0.374835 0.006696 0.006944
0 0.478795 0.358466 0.011161 0.006614
0 0.499504 0.409061 0.009425 0.014550
0 0.484747 0.432044 0.005704 0.014220
0 0.506076 0.450231 0.013145 0.008267
0 0.493800 0.313327 0.008433 0.010251
0 0.507937 0.323909 0.002976 0.003638
0 0.533234 0.320437 0.005456 0.004630
0 0.538566 0.336310 0.005208 0.003968
0 0.528274 0.345073 0.005952 0.018188
0 0.552455 0.364749 0.008185 0.013228
0 0.571057 0.348380 0.013641 0.010251
0 0.543899 0.388228 0.009921 0.010582
0 0.533606 0.267196 0.006696 0.013228
0 0.559896 0.291667 0.005704 0.006614
0 0.582837 0.299438 0.010913 0.013558
0 0.585317 0.327216 0.005952 0.007606
0 0.456349 0.692130 0.005952 0.010582
0 0.490699 0.615741 0.007192 0.009259
0 0.507564 0.630126 0.007688 0.007606
0 0.500000 0.652282 0.009425 0.012897
0 0.521577 0.648810 0.008433 0.021825
0 0.561012 0.650794 0.005952 0.009259
0 0.546999 0.737269 0.007192 0.012897
0 0.589782 0.647487 0.008433 0.012566
0 0.591890 0.658896 0.018601 0.010251
0 0.625992 0.660384 0.012897 0.010582
0 0.672123 0.679729 0.011409 0.006283
0 0.686260 0.669974 0.012401 0.009259
0 0.692460 0.634921 0.009921 0.013228
0 0.638145 0.627646 0.005456 0.009921
0 0.544519 0.570933 0.009673 0.010913
0 0.565600 0.566634 0.009177 0.020172
0 0.577257 0.572421 0.005704 0.009259
0 0.584449 0.548446 0.008681 0.010251
0 0.612475 0.524306 0.008681 0.007606
0 0.614831 0.495536 0.010417 0.008929
0 0.640377 0.540840 0.006944 0.009590
0 0.638021 0.578208 0.010665 0.008267
0 0.676587 0.509921 0.010417 0.014550
0 0.716394 0.538856 0.008185 0.009590
0 0.663070 0.311839 0.011657 0.013228
0 0.609375 0.358466 0.009921 0.011905
0 0.647569 0.358466 0.010417 0.022487
0 0.652158 0.376819 0.009177 0.011574
0 0.591022 0.375827 0.006448 0.008267
0 0.692336 0.441634 0.008681 0.008267
0 0.699281 0.386409 0.011161 0.008267
0 0.742312 0.518519 0.007440 0.009921
0 0.697297 0.472388 0.004712 0.008929
0 0.570188 0.321925 0.005952 0.007606
0 0.626612 0.684689 0.006200 0.005622
