0 0.534722 0.634921 0.010913 0.013889
0 0.550843 0.652612 0.007937 0.009590
0 0.581969 0.639220 0.006200 0.013889
0 0.565476 0.585317 0.009921 0.019841
0 0.549107 0.570933 0.006448 0.010913
0 0.576637 0.571925 0.007440 0.011574
0 0.592014 0.553241 0.008433 0.009259
0 0.578745 0.375827 0.010665 0.018849
0 0.588542 0.376819 0.007440 0.008267
0 0.581225 0.347884 0.008185 0.023148
0 0.591394 0.336310 0.013145 0.023148
0 0.597594 0.353175 0.005704 0.009259
0 0.579861 0.316138 0.010913 0.007937
0 0.526166 0.275794 0.005704 0.015873
0 0.672619 0.348876 0.011905 0.019841
0 0.698289 0.386905 0.010169 0.006614
0 0.638889 0.389385 0.005952 0.011574
0 0.696181 0.448909 0.007440 0.010913
0 0.558532 0.285880 0.007440 0.010913
0 0.572917 0.271495 0.007937 0.017196
0 0.482391 0.306052 0.007440 0.010251
0 0.527778 0.328208 0.005456 0.009590
0 0.488343 0.342097 0.005952 0.014220
0 0.494172 0.387235 0.008681 0.014550
0 0.544271 0.433532 0.011161 0.011905
0 0.486607 0.436839 0.006944 0.015212
0 0.499256 0.515708 0.013889 0.014220
0 0.456349 0.491237 0.006944 0.014220
0 0.508929 0.328208 0.003968 0.006944
0 0.542163 0.338790 0.006448 0.006283
0 0.411954 0.375331 0.006448 0.011905
0 0.456721 0.372851 0.007192 0.007606
0 0.443204 0.454696 0.009425 0.010582
0 0.389013 0.571925 0.008681 0.011574
0 0.398438 0.527282 0.007192 0.008267
0 0.418031 0.542163 0.010665 0.010913
0 0.423859 0.521991 0.017361 0.014881
0 0.699901 0.646495 0.011409 0.013228
0 0.709945 0.632110 0.007688 0.012235
0 0.735367 0.513228 0.007440 0.009921
0 0.745164 0.534392 0.009177 0.021825
0 0.619048 0.642196 0.016369 0.014550
0 0.624628 0.628638 0.009673 0.016534
0 0.634921 0.658565 0.005456 0.013558
0 0.594742 0.503638 0.011409 0.009259
0 0.606647 0.537864 0.007440 0.008929
0 0.634301 0.546958 0.019593 0.009921
0 0.624504 0.584987 0.008929 0.022487
0 0.659722 0.490741 0.007440 0.020503
0 0.698661 0.542163 0.007440 0.005622
0 0.445685 0.556217 0.006944 0.007275
0 0.477679 0.609458 0.012401 0.009921
0 0.504712 0.628638 0.005952 0.007937
0 0.498636 0.649802 0.010169 0.013228
0 0.549355 0.747851 0.006944 0.010913
0 0.453745 0.707507 0.005704 0.008267
0 0.708209 0.479332 0.004712 0.008929
0 0.619544 0.472718 0.007440 0.006944
