0 0.537078 0.384921 0.011161 0.023148
0 0.493800 0.398313 0.008929 0.023479
0 0.510665 0.418651 0.018353 0.009921
0 0.620288 0.452050 0.020337 0.016534
0 0.611607 0.325231 0.008929 0.024140
0 0.563864 0.290179 0.024058 0.014220
0 0.499380 0.314649 0.021081 0.014881
0 0.533234 0.272487 0.008929 0.015212
0 0.424603 0.368882 0.010417 0.009590
0 0.442708 0.411210 0.009425 0.014220
0 0.424479 0.422123 0.010169 0.010251
0 0.701885 0.397321 0.011409 0.020172
0 0.669147 0.319279 0.011905 0.023479
0 0.690724 0.468915 0.022321 0.019841
0 0.720858 0.450397 0.021577 0.014550
0 0.711062 0.435351 0.012401 0.016865
0 0.685268 0.511739 0.020337 0.012235
0 0.661954 0.532738 0.018353 0.014550
0 0.648686 0.531415 0.007192 0.020503
0 0.717758 0.550926 0.013889 0.015212
0 0.715650 0.628307 0.010665 0.015873
0 0.701141 0.631944 0.011905 0.011243
0 0.618428 0.572090 0.019593 0.012566
0 0.631572 0.611772 0.008681 0.011905
0 0.628472 0.640708 0.017361 0.010913
0 0.642113 0.669312 0.010417 0.017857
0 0.694320 0.676918 0.006696 0.030423
0 0.624628 0.730820 0.021081 0.017857
0 0.562748 0.679894 0.016369 0.031746
0 0.595486 0.582341 0.014881 0.009921
0 0.580481 0.380291 0.012649 0.011243
0 0.640749 0.371197 0.013145 0.010251
0 0.485243 0.424438 0.007192 0.012235
0 0.549975 0.605655 0.008185 0.010251
0 0.466766 0.623843 0.009425 0.019511
0 0.476562 0.528935 0.009177 0.014220
0 0.471106 0.496858 0.007688 0.008267
0 0.421255 0.523644 0.007688 0.010251
0 0.663938 0.500496 0.014881 0.009590
0 0.480903 0.593419 0.006944 0.010251
0 0.542535 0.510086 0.005704 0.007606
