0 0.675843 0.519180 0.018849 0.011243
0 0.631448 0.511905 0.018353 0.009921
0 0.625620 0.458168 0.015625 0.010251
0 0.646205 0.582672 0.023562 0.012566
0 0.703745 0.548611 0.012649 0.020503
0 0.733011 0.450893 0.019097 0.017526
0 0.736359 0.459987 0.011409 0.013228
0 0.709201 0.633267 0.015625 0.041005
0 0.597842 0.592758 0.015129 0.010251
0 0.633433 0.684028 0.018849 0.016204
0 0.643229 0.730820 0.019097 0.011243
0 0.557416 0.683201 0.013145 0.015873
0 0.550967 0.613095 0.012153 0.011905
0 0.468998 0.613426 0.005952 0.009921
0 0.464782 0.567295 0.013889 0.007606
0 0.496900 0.539352 0.009177 0.014550
0 0.429688 0.518022 0.008185 0.010913
0 0.469990 0.489253 0.011409 0.012235
0 0.654638 0.428241 0.010169 0.027778
0 0.696057 0.432705 0.014633 0.015542
0 0.682540 0.378142 0.008929 0.013558
0 0.626860 0.372189 0.017609 0.012897
0 0.615203 0.333168 0.009177 0.015542
0 0.576761 0.357474 0.010665 0.029762
0 0.578373 0.376984 0.013889 0.007937
0 0.518353 0.409061 0.015377 0.009921
0 0.492436 0.400298 0.008681 0.020172
0 0.431052 0.426753 0.019345 0.013558
0 0.447793 0.367063 0.011657 0.009259
0 0.480407 0.313823 0.010913 0.015212
0 0.547495 0.292659 0.014137 0.019180
0 0.661086 0.503307 0.015129 0.009921
0 0.534226 0.509921 0.006944 0.008598
0 0.528770 0.731481 0.006448 0.015212
0 0.644345 0.638228 0.011905 0.009921
