0 0.509177 0.458333 0.018849 0.015873
0 0.471106 0.445767 0.006200 0.011243
0 0.424603 0.484954 0.016369 0.021495
0 0.463914 0.405589 0.011161 0.009590
0 0.514757 0.389054 0.009177 0.022817
0 0.588666 0.380456 0.013145 0.010913
0 0.455853 0.389550 0.012401 0.009921
0 0.450645 0.537368 0.014385 0.016534
0 0.466518 0.548942 0.013889 0.010582
0 0.571181 0.516700 0.009425 0.008929
0 0.568824 0.538029 0.009177 0.017857
0 0.580729 0.546958 0.005208 0.016534
0 0.385045 0.482970 0.020089 0.014220
0 0.405258 0.425595 0.011905 0.011243
0 0.433780 0.336310 0.013393 0.008598
0 0.391865 0.554894 0.006448 0.017196
0 0.391245 0.586806 0.018105 0.012897
0 0.393105 0.612269 0.009921 0.016204
0 0.443948 0.565311 0.007937 0.013558
0 0.552083 0.591766 0.011905 0.034722
0 0.504340 0.561012 0.016617 0.020833
0 0.481027 0.623016 0.008681 0.018519
0 0.497768 0.618386 0.014385 0.008598
0 0.552703 0.632606 0.017609 0.010582
0 0.498264 0.655589 0.008929 0.016865
0 0.542039 0.672123 0.015129 0.014881
0 0.602803 0.650959 0.007192 0.013558
0 0.529762 0.707837 0.008433 0.009590
0 0.639385 0.695437 0.009921 0.023810
0 0.628472 0.582672 0.015377 0.010582
0 0.638393 0.586640 0.015377 0.013889
0 0.638517 0.551918 0.007192 0.011243
0 0.617063 0.660053 0.014881 0.011905
0 0.688988 0.606647 0.005952 0.014881
0 0.712178 0.500331 0.014633 0.011905
0 0.721850 0.460979 0.032490 0.020503
0 0.699157 0.432705 0.011905 0.008267
0 0.631820 0.460152 0.017113 0.010913
0 0.575521 0.326720 0.019097 0.014550
0 0.557044 0.282903 0.005952 0.013558
0 0.609127 0.319775 0.016369 0.009259
0 0.535714 0.261905 0.006944 0.011243
0 0.512029 0.325893 0.008185 0.010913
0 0.510293 0.345569 0.013641 0.025132
0 0.529266 0.369709 0.013393 0.010582
0 0.584821 0.354497 0.008433 0.017857
0 0.646577 0.343750 0.016369 0.008929
0 0.460689 0.371858 0.005208 0.013558
