0 0.565724 0.386739 0.007937 0.022817
0 0.575769 0.402778 0.025050 0.013228
0 0.634177 0.351025 0.009921 0.011574
0 0.551959 0.273644 0.007688 0.016865
0 0.510045 0.402943 0.015129 0.028770
0 0.643725 0.448909 0.013145 0.021495
0 0.732763 0.420800 0.014633 0.013558
0 0.629464 0.407407 0.016369 0.017857
0 0.494792 0.296462 0.009425 0.025463
0 0.512153 0.279597 0.008929 0.020833
0 0.474702 0.398479 0.017857 0.010582
0 0.525050 0.228836 0.014881 0.015873
0 0.602927 0.230985 0.016369 0.016204
0 0.443080 0.249504 0.006696 0.022817
0 0.534970 0.255622 0.007440 0.010582
0 0.682540 0.254299 0.031250 0.017857
0 0.571925 0.171296 0.013393 0.011243
0 0.518601 0.197917 0.013889 0.022156
0 0.515501 0.180556 0.011161 0.014550
0 0.463046 0.302414 0.012897 0.024802
0 0.427455 0.317956 0.010665 0.025463
0 0.442956 0.345899 0.010417 0.026455
0 0.434648 0.351852 0.013145 0.014550
0 0.459077 0.375165 0.008929 0.024802
0 0.466270 0.445106 0.009921 0.017196
0 0.429563 0.468750 0.011409 0.020172
0 0.668899 0.545139 0.013889 0.012235
0 0.643973 0.522652 0.009177 0.018188
0 0.645213 0.488426 0.009673 0.013228
0 0.625000 0.471561 0.008433 0.011243
0 0.642237 0.572421 0.007192 0.015212
0 0.523810 0.551257 0.012401 0.010582
0 0.536830 0.618221 0.010169 0.012897
0 0.509921 0.598214 0.006448 0.016534
0 0.462550 0.500496 0.006944 0.010251
0 0.425471 0.487599 0.017609 0.023479
0 0.406622 0.551918 0.007192 0.009921
0 0.624876 0.186673 0.010665 0.016204
0 0.490699 0.623677 0.006696 0.006614
0 0.568328 0.587136 0.008681 0.008267
