0 0.609375 0.507771 0.018849 0.016865
0 0.518105 0.534722 0.016865 0.021825
0 0.458581 0.490906 0.013393 0.017526
0 0.419643 0.505456 0.017361 0.010913
0 0.437376 0.513062 0.008185 0.010913
0 0.475074 0.561839 0.014633 0.007275
0 0.601190 0.601687 0.008433 0.008267
0 0.557416 0.682540 0.013145 0.013228
0 0.625992 0.694279 0.011409 0.014881
0 0.686756 0.641865 0.011409 0.009921
0 0.690476 0.556878 0.016865 0.018519
0 0.665179 0.588955 0.036210 0.015212
0 0.692336 0.509259 0.020089 0.010582
0 0.670139 0.509590 0.015873 0.018519
0 0.658978 0.501488 0.011409 0.010913
0 0.686880 0.428406 0.027034 0.031415
0 0.722966 0.607474 0.020337 0.030423
0 0.597098 0.567791 0.014633 0.009259
0 0.528274 0.724206 0.006944 0.013889
0 0.465526 0.611607 0.007440 0.007606
0 0.475818 0.589451 0.005704 0.008267
0 0.488343 0.632606 0.006944 0.007275
0 0.740451 0.483466 0.017113 0.012566
0 0.609871 0.377480 0.018849 0.008929
0 0.620536 0.335483 0.019345 0.027447
0 0.575893 0.376653 0.011409 0.007275
0 0.526166 0.400298 0.010665 0.009590
0 0.494544 0.426918 0.018849 0.009259
0 0.488343 0.404927 0.009425 0.015542
0 0.431672 0.410549 0.013145 0.012235
0 0.536706 0.298776 0.012401 0.014881
0 0.468750 0.364749 0.010417 0.009259
0 0.535590 0.263393 0.009673 0.016204
0 0.475570 0.294478 0.006200 0.015542
0 0.671131 0.364914 0.008929 0.011574
0 0.685392 0.469742 0.007688 0.012897
