0 0.567584 0.509094 0.017113 0.014881
0 0.571925 0.492394 0.008433 0.013889
0 0.539559 0.547288 0.011161 0.036376
0 0.498512 0.545966 0.020337 0.012566
0 0.471478 0.538360 0.010913 0.011905
0 0.448661 0.539683 0.020337 0.014550
0 0.449529 0.565972 0.011657 0.014881
0 0.504712 0.651620 0.008929 0.017526
0 0.488467 0.619874 0.007192 0.018849
0 0.498760 0.616898 0.011409 0.011574
0 0.556920 0.635086 0.010665 0.018849
0 0.544395 0.652447 0.010417 0.011243
0 0.617932 0.627646 0.006696 0.019180
0 0.635169 0.634425 0.014881 0.017526
0 0.641493 0.536706 0.009673 0.012566
0 0.622024 0.475860 0.010913 0.012566
0 0.670511 0.452712 0.021577 0.018519
0 0.681300 0.651951 0.016865 0.013558
0 0.724578 0.489914 0.007688 0.010251
0 0.491195 0.454530 0.019593 0.012897
0 0.540675 0.372520 0.019841 0.015542
0 0.545139 0.350860 0.017361 0.015873
0 0.543775 0.318618 0.027034 0.017526
0 0.588046 0.320602 0.009425 0.021495
0 0.585565 0.343750 0.009425 0.016865
0 0.669519 0.317791 0.013145 0.009921
0 0.556548 0.267196 0.010417 0.013228
0 0.520089 0.324239 0.007937 0.010251
0 0.507192 0.328704 0.011905 0.009259
0 0.508433 0.363591 0.013393 0.016204
0 0.467262 0.362269 0.007937 0.016865
0 0.455357 0.378307 0.010913 0.009259
0 0.439608 0.325728 0.010169 0.010582
0 0.532366 0.259259 0.008681 0.011243
0 0.566344 0.243221 0.007688 0.008267
0 0.602431 0.280754 0.005456 0.008598
0 0.473462 0.449735 0.007440 0.008598
0 0.423983 0.424769 0.020585 0.012897
0 0.416791 0.514881 0.010169 0.026455
0 0.586806 0.523644 0.007440 0.014881
0 0.636409 0.441468 0.013889 0.010582
0 0.670883 0.402943 0.008433 0.010913
0 0.397817 0.573743 0.008929 0.010582
0 0.489211 0.694279 0.014633 0.013558
0 0.531746 0.697090 0.008433 0.009259
0 0.643353 0.670139 0.007440 0.019511
