0 0.585813 0.370040 0.015377 0.015873
0 0.607391 0.321594 0.008929 0.021495
0 0.532366 0.392030 0.008681 0.008929
0 0.493676 0.361111 0.013641 0.009259
0 0.500620 0.419478 0.012153 0.012897
0 0.483383 0.411376 0.006448 0.011905
0 0.525422 0.301091 0.007688 0.011574
0 0.663318 0.316964 0.019593 0.027447
0 0.700769 0.365410 0.016617 0.009921
0 0.714162 0.506779 0.019593 0.010913
0 0.677207 0.473214 0.013145 0.013889
0 0.662450 0.425430 0.011409 0.008267
0 0.659474 0.351687 0.008929 0.010251
0 0.452381 0.406415 0.017857 0.010582
0 0.456845 0.353505 0.006448 0.010582
0 0.408234 0.500165 0.014881 0.013558
0 0.444444 0.505126 0.007937 0.020172
0 0.523934 0.506448 0.011161 0.007606
0 0.670759 0.567460 0.012649 0.019841
0 0.682788 0.571925 0.014385 0.022817
0 0.691468 0.594577 0.025794 0.018519
0 0.719618 0.613591 0.009673 0.012897
0 0.683036 0.639716 0.008929 0.008929
0 0.604787 0.608135 0.010169 0.008598
0 0.552207 0.540344 0.022073 0.014550
0 0.458953 0.623843 0.006696 0.015542
0 0.481523 0.559358 0.012649 0.010913
0 0.493676 0.686177 0.014137 0.015873
0 0.561632 0.685681 0.009673 0.016865
0 0.587674 0.705688 0.007192 0.011243
0 0.618800 0.703042 0.008433 0.011905
0 0.659474 0.663360 0.017857 0.015873
0 0.682044 0.678571 0.009425 0.011243
0 0.582589 0.576058 0.013393 0.016534
0 0.669767 0.498512 0.007688 0.008929
0 0.650422 0.491071 0.006696 0.015212
0 0.554688 0.264716 0.019097 0.036045
0 0.523438 0.267196 0.023065 0.015873
0 0.536210 0.255952 0.015377 0.023810
0 0.527158 0.708829 0.008185 0.014881
0 0.470114 0.588955 0.006696 0.010582
0 0.584945 0.514054 0.008681 0.008267
0 0.689856 0.451389 0.009673 0.016534
0 0.740451 0.436177 0.024554 0.019180
0 0.376984 0.479332 0.007440 0.008929
0 0.747148 0.575066 0.026538 0.023148
