0 0.599454 0.321925 0.021329 0.015542
0 0.616691 0.326885 0.015129 0.013558
0 0.582341 0.340443 0.007440 0.010251
0 0.587178 0.372851 0.006200 0.016204
0 0.527406 0.364583 0.017609 0.014220
0 0.521701 0.381448 0.007688 0.018849
0 0.504588 0.329696 0.008185 0.011243
0 0.513889 0.412864 0.015873 0.012235
0 0.534226 0.430225 0.014881 0.016534
0 0.675967 0.365741 0.018105 0.010582
0 0.500248 0.391534 0.007937 0.018519
0 0.458953 0.383102 0.007192 0.011574
0 0.453373 0.364253 0.015377 0.008929
0 0.444940 0.411872 0.015873 0.015542
0 0.460938 0.457341 0.015625 0.009259
0 0.413566 0.426091 0.016617 0.014881
0 0.415055 0.357308 0.013641 0.014220
0 0.629836 0.366071 0.015129 0.009921
0 0.617312 0.395999 0.010913 0.017526
0 0.706597 0.401786 0.004960 0.010582
0 0.694940 0.447586 0.007937 0.012235
0 0.699157 0.514385 0.015377 0.012897
0 0.734127 0.554894 0.019841 0.009921
0 0.689236 0.625331 0.006448 0.021164
0 0.629712 0.485119 0.018849 0.010582
0 0.612599 0.519511 0.014385 0.009921
0 0.646701 0.596892 0.008681 0.014550
0 0.636285 0.616402 0.013145 0.011243
0 0.575521 0.543816 0.009673 0.012235
0 0.567336 0.558532 0.006696 0.017857
0 0.517733 0.582507 0.010665 0.021495
0 0.504216 0.631944 0.012897 0.013228
0 0.484375 0.626157 0.013393 0.014220
0 0.443700 0.571098 0.011905 0.009259
0 0.452381 0.537368 0.017361 0.009921
0 0.459449 0.549272 0.010665 0.017196
0 0.409846 0.583664 0.019097 0.020503
0 0.407738 0.514054 0.021825 0.018849
0 0.558036 0.642857 0.012401 0.033069
0 0.529886 0.665013 0.019097 0.024471
0 0.500000 0.664517 0.009425 0.015542
0 0.601687 0.669643 0.015873 0.007937
0 0.606275 0.675926 0.010665 0.007275
0 0.673735 0.690476 0.011161 0.015212
0 0.640749 0.721892 0.015129 0.028439
0 0.538070 0.271495 0.007688 0.011905
0 0.539187 0.725694 0.011905 0.017526
0 0.386161 0.607143 0.009425 0.031085
0 0.639633 0.558036 0.008433 0.014220
0 0.395213 0.544808 0.007192 0.010251
