0 0.504588 0.625827 0.006696 0.007606
0 0.499380 0.645999 0.008681 0.011574
0 0.543279 0.631118 0.012153 0.010913
0 0.546379 0.648810 0.008433 0.011243
0 0.579985 0.633102 0.006200 0.011574
0 0.566344 0.593089 0.009177 0.015542
0 0.559276 0.563161 0.008433 0.010582
0 0.578621 0.564319 0.005952 0.012235
0 0.596974 0.548942 0.008929 0.009921
0 0.605159 0.539848 0.006944 0.007606
0 0.588542 0.502646 0.009425 0.009921
0 0.627356 0.589782 0.010665 0.018849
0 0.618552 0.622851 0.009921 0.010913
0 0.637773 0.629134 0.018601 0.012235
0 0.635045 0.656085 0.007688 0.015212
0 0.706225 0.629630 0.006200 0.010582
0 0.593626 0.341601 0.010169 0.035053
0 0.607391 0.330192 0.010417 0.018188
0 0.637029 0.391700 0.009177 0.010251
0 0.687872 0.354167 0.018105 0.023810
0 0.695437 0.384921 0.008929 0.005952
0 0.500992 0.379134 0.013393 0.010251
0 0.562376 0.415840 0.009177 0.011574
0 0.587178 0.374835 0.009673 0.006283
0 0.392857 0.521991 0.010417 0.007606
0 0.416667 0.515708 0.016369 0.016204
0 0.425223 0.542659 0.010665 0.014550
0 0.392609 0.564319 0.009425 0.011574
0 0.450025 0.557540 0.008681 0.016534
0 0.506572 0.527612 0.013641 0.014881
0 0.470982 0.604497 0.012401 0.010582
0 0.436880 0.451720 0.012649 0.011243
0 0.487971 0.435020 0.007192 0.013558
0 0.458581 0.482474 0.005952 0.010582
0 0.552827 0.746032 0.008929 0.013889
0 0.630952 0.542659 0.017361 0.009259
0 0.688616 0.538360 0.011161 0.006614
0 0.730531 0.506614 0.006696 0.009921
0 0.736855 0.521991 0.009921 0.019511
0 0.695437 0.452712 0.007937 0.015873
0 0.652778 0.479663 0.006944 0.016204
0 0.412078 0.367063 0.010169 0.012566
0 0.456845 0.365245 0.007937 0.012897
0 0.568452 0.258102 0.007440 0.018849
0 0.559400 0.276620 0.009177 0.011574
0 0.574529 0.309524 0.013145 0.008598
0 0.528026 0.320933 0.006448 0.008267
0 0.526910 0.279597 0.007192 0.020833
0 0.478299 0.298942 0.009177 0.009921
0 0.490575 0.324735 0.005952 0.017857
0 0.510541 0.324901 0.004712 0.004960
0 0.543899 0.341435 0.007440 0.006944
0 0.549479 0.322751 0.004712 0.007937
0 0.713294 0.478836 0.004960 0.008598
0 0.636657 0.464451 0.009921 0.005622
0 0.625620 0.696594 0.007192 0.008267
0 0.569072 0.622354 0.004216 0.005952
