0 0.483631 0.429233 0.008433 0.009921
0 0.492684 0.423446 0.007688 0.016865
0 0.511409 0.378142 0.010417 0.008929
0 0.437376 0.393684 0.008185 0.024140
0 0.431920 0.417659 0.012649 0.013889
0 0.447793 0.416171 0.011657 0.010913
0 0.407986 0.540179 0.007440 0.010913
0 0.434896 0.502811 0.009673 0.010913
0 0.448413 0.500661 0.005952 0.015873
0 0.455357 0.575231 0.008433 0.010251
0 0.457465 0.621528 0.008185 0.010251
0 0.485243 0.612269 0.006696 0.013558
0 0.498264 0.638724 0.006448 0.008929
0 0.535838 0.613757 0.010169 0.011905
0 0.565724 0.668155 0.007440 0.010913
0 0.590898 0.729993 0.018105 0.014881
0 0.595858 0.658399 0.006696 0.008598
0 0.458705 0.294643 0.008185 0.017857
0 0.456845 0.353671 0.005952 0.008267
0 0.508929 0.296958 0.005952 0.009259
0 0.532242 0.282407 0.006448 0.010582
0 0.579241 0.278770 0.004712 0.009259
0 0.538814 0.514716 0.011657 0.022817
0 0.561384 0.509921 0.009673 0.009921
0 0.592882 0.495040 0.015625 0.018519
0 0.563740 0.551257 0.010417 0.008598
0 0.590278 0.560516 0.009921 0.008598
0 0.596850 0.563327 0.008681 0.007606
0 0.600818 0.624835 0.013641 0.008929
0 0.596602 0.638228 0.008681 0.010582
0 0.638517 0.641204 0.008185 0.007937
0 0.682540 0.608962 0.012401 0.011574
0 0.699033 0.626323 0.007688 0.009921
0 0.735243 0.434524 0.008681 0.016534
0 0.698785 0.467593 0.007192 0.013228
0 0.721850 0.493552 0.006200 0.009590
0 0.683036 0.508102 0.007440 0.009590
0 0.631944 0.534392 0.010913 0.008598
0 0.630952 0.544974 0.007440 0.014550
0 0.654886 0.542659 0.006696 0.018519
0 0.616815 0.460813 0.006448 0.011574
0 0.576141 0.317295 0.007440 0.009590
0 0.598338 0.319610 0.008681 0.007606
0 0.623760 0.323413 0.012401 0.023810
0 0.639261 0.305556 0.011161 0.020503
0 0.588294 0.386409 0.006944 0.006944
0 0.649554 0.378638 0.006944 0.011905
0 0.660962 0.411376 0.008433 0.018519
0 0.691964 0.380622 0.007440 0.007937
0 0.734995 0.480655 0.005704 0.006944
0 0.698413 0.424769 0.003968 0.006944
0 0.519965 0.322917 0.005704 0.007606
0 0.530506 0.322751 0.004464 0.007275
0 0.585813 0.375992 0.006448 0.005291
