0 0.433036 0.449405 0.014385 0.015212
0 0.488467 0.435351 0.009673 0.012897
0 0.461062 0.483466 0.006448 0.009921
0 0.414435 0.514716 0.012897 0.017526
0 0.387649 0.520503 0.009921 0.006614
0 0.527158 0.284061 0.005208 0.019841
0 0.562748 0.276290 0.011409 0.008929
0 0.569196 0.315642 0.010913 0.019511
0 0.598958 0.333995 0.008433 0.019180
0 0.606895 0.328704 0.005456 0.021825
0 0.593254 0.344081 0.005952 0.010251
0 0.624256 0.324405 0.015873 0.019180
0 0.698537 0.363426 0.016121 0.019180
0 0.696677 0.385913 0.011409 0.007937
0 0.636905 0.395007 0.009921 0.006944
0 0.731895 0.518519 0.012897 0.013889
0 0.730779 0.505126 0.007192 0.009590
0 0.717634 0.481151 0.004216 0.008598
0 0.475446 0.297950 0.008929 0.010582
0 0.492188 0.320602 0.008185 0.016865
0 0.526538 0.323909 0.005952 0.013558
0 0.572297 0.408896 0.009177 0.014881
0 0.584821 0.380126 0.007937 0.012235
0 0.647817 0.476852 0.009921 0.012566
0 0.628968 0.541667 0.019345 0.009921
0 0.682912 0.541171 0.013641 0.010913
0 0.631820 0.594081 0.011657 0.014881
0 0.648810 0.626819 0.020833 0.010913
0 0.706721 0.633102 0.007192 0.014881
0 0.614335 0.626819 0.012401 0.010251
0 0.636533 0.656581 0.008185 0.016865
0 0.556796 0.743552 0.006944 0.019511
0 0.415675 0.366237 0.010417 0.009590
0 0.457465 0.365245 0.006200 0.012897
0 0.505208 0.380126 0.011409 0.010251
0 0.395709 0.563327 0.008681 0.014881
0 0.436880 0.547454 0.014137 0.015542
0 0.453745 0.559524 0.007192 0.015212
0 0.468254 0.605655 0.012897 0.008267
0 0.503472 0.626819 0.008433 0.008929
0 0.499628 0.646495 0.007192 0.012566
0 0.542039 0.646495 0.009177 0.011243
0 0.549479 0.633929 0.013641 0.010582
0 0.571057 0.602844 0.009177 0.017857
0 0.580357 0.632937 0.010417 0.010582
0 0.514137 0.533565 0.014385 0.016865
0 0.565228 0.554729 0.008433 0.015542
0 0.580729 0.563327 0.010169 0.015542
0 0.601066 0.548446 0.008185 0.014881
0 0.583953 0.506614 0.009673 0.009259
0 0.696429 0.456184 0.007937 0.012897
0 0.546131 0.346892 0.005456 0.005952
0 0.512773 0.327216 0.005704 0.006944
0 0.546131 0.326224 0.004464 0.009590
0 0.573785 0.361442 0.003720 0.004630
0 0.647445 0.459987 0.007688 0.005952
0 0.626488 0.701224 0.005952 0.006944
0 0.445188 0.576554 0.002976 0.005622
