0 0.533110 0.534226 0.026538 0.014881
0 0.477431 0.559689 0.014881 0.008929
0 0.447421 0.497354 0.010913 0.025132
0 0.413070 0.503307 0.019593 0.014550
0 0.460069 0.614253 0.009425 0.012897
0 0.668279 0.584491 0.023065 0.012235
0 0.686508 0.593419 0.032242 0.012235
0 0.603299 0.606151 0.010169 0.008598
0 0.734251 0.588955 0.024554 0.029101
0 0.718626 0.615410 0.009177 0.012566
0 0.622892 0.699570 0.009177 0.013558
0 0.559028 0.683201 0.010913 0.018519
0 0.587798 0.697751 0.007440 0.010582
0 0.692212 0.680060 0.006944 0.012235
0 0.504340 0.687500 0.015129 0.009921
0 0.527778 0.718089 0.006944 0.015542
0 0.590278 0.573082 0.013889 0.012566
0 0.703001 0.507937 0.021577 0.011243
0 0.681672 0.563492 0.018105 0.017857
0 0.670635 0.428241 0.013889 0.007937
0 0.712922 0.432540 0.022569 0.018519
0 0.680680 0.471230 0.015129 0.014550
0 0.672495 0.503307 0.011657 0.013889
0 0.596478 0.512566 0.014881 0.012566
0 0.685144 0.643022 0.011657 0.008929
0 0.688492 0.369544 0.006944 0.012235
0 0.665303 0.357143 0.009177 0.010582
0 0.640873 0.326058 0.019841 0.028439
0 0.664807 0.307044 0.009177 0.010251
0 0.596602 0.376157 0.018105 0.011574
0 0.610863 0.330522 0.010417 0.015542
0 0.571801 0.377315 0.010169 0.007937
0 0.529266 0.396329 0.008929 0.006944
0 0.497892 0.422619 0.013641 0.009921
0 0.484623 0.408565 0.006448 0.014220
0 0.439112 0.406415 0.014137 0.011243
0 0.459697 0.356812 0.004216 0.014550
0 0.531126 0.301257 0.011161 0.011905
0 0.482019 0.363591 0.011657 0.009590
0 0.655258 0.498181 0.009425 0.013558
0 0.525670 0.507440 0.010665 0.007606
