0 0.535962 0.544643 0.018849 0.012566
0 0.571181 0.507937 0.008929 0.010582
0 0.571677 0.517196 0.014385 0.015873
0 0.586806 0.555060 0.010417 0.008267
0 0.598586 0.557044 0.007192 0.009590
0 0.520089 0.338294 0.005952 0.017857
0 0.516493 0.322421 0.003224 0.005291
0 0.500744 0.301753 0.008433 0.008267
0 0.529762 0.285880 0.005952 0.012897
0 0.569444 0.321429 0.005456 0.013228
0 0.574529 0.274802 0.008681 0.009921
0 0.594246 0.329696 0.005952 0.008598
0 0.613467 0.305060 0.016121 0.020833
0 0.620164 0.319610 0.008185 0.018849
0 0.664311 0.310351 0.013145 0.012897
0 0.614831 0.405589 0.012897 0.020172
0 0.645337 0.386905 0.008433 0.012566
0 0.402530 0.551257 0.006944 0.013228
0 0.419643 0.505622 0.006944 0.013889
0 0.375372 0.501819 0.009673 0.012897
0 0.456597 0.570933 0.006944 0.015542
0 0.452381 0.488757 0.006448 0.016534
0 0.467510 0.293155 0.012897 0.007606
0 0.457465 0.356151 0.006696 0.009921
0 0.430060 0.373843 0.009921 0.012235
0 0.416047 0.412368 0.013145 0.018519
0 0.420511 0.430721 0.008681 0.013558
0 0.486235 0.432044 0.011657 0.006944
0 0.514013 0.379630 0.006696 0.010582
0 0.584077 0.383929 0.004960 0.011905
0 0.627976 0.470073 0.012401 0.009590
0 0.699033 0.463294 0.006696 0.015873
0 0.744916 0.435351 0.010665 0.019511
0 0.693700 0.382110 0.010417 0.008267
0 0.703745 0.513228 0.012649 0.011243
0 0.724826 0.499835 0.007192 0.010251
0 0.657862 0.606151 0.014137 0.013889
0 0.687624 0.635913 0.020585 0.011905
0 0.703621 0.627646 0.006448 0.012566
0 0.636533 0.645503 0.008185 0.015212
0 0.600570 0.644511 0.010665 0.013228
0 0.586062 0.619544 0.014881 0.011574
0 0.459325 0.613261 0.006944 0.014881
0 0.493800 0.622024 0.010913 0.009921
0 0.500000 0.640708 0.008433 0.011574
0 0.533606 0.627811 0.006200 0.016204
0 0.561756 0.652282 0.009921 0.015542
0 0.615203 0.544974 0.010169 0.008598
0 0.625124 0.543155 0.010665 0.018849
0 0.665179 0.537368 0.008929 0.015212
0 0.574157 0.733962 0.019345 0.020172
0 0.489335 0.541667 0.016369 0.012566
0 0.441592 0.692130 0.005704 0.010582
0 0.628224 0.708829 0.006448 0.005622
0 0.562748 0.368882 0.004960 0.008267
0 0.536706 0.325893 0.004464 0.007606
