0 0.639385 0.359127 0.015873 0.010582
0 0.580605 0.337798 0.010913 0.012235
0 0.595362 0.328538 0.013145 0.010251
0 0.604663 0.325066 0.015873 0.009259
0 0.557044 0.295966 0.005952 0.009259
0 0.519965 0.358300 0.010169 0.027447
0 0.515501 0.404101 0.006696 0.015873
0 0.606151 0.395503 0.008929 0.012566
0 0.522321 0.451058 0.015873 0.012566
0 0.633681 0.475033 0.015873 0.010913
0 0.697049 0.443287 0.012649 0.010913
0 0.585565 0.367890 0.007937 0.018188
0 0.461930 0.381283 0.008681 0.012566
0 0.453745 0.401951 0.016617 0.010913
0 0.443080 0.469246 0.021081 0.013228
0 0.408606 0.431052 0.014137 0.010251
0 0.425099 0.346561 0.013393 0.007937
0 0.447669 0.365410 0.009921 0.005291
0 0.683160 0.356481 0.017609 0.010582
0 0.706721 0.509425 0.014137 0.008929
0 0.507316 0.331019 0.008185 0.012566
0 0.535962 0.269511 0.005952 0.009259
0 0.689236 0.616898 0.007937 0.015542
0 0.645089 0.595238 0.009425 0.015212
0 0.633309 0.601521 0.014137 0.011243
0 0.638889 0.558532 0.008433 0.010582
0 0.553447 0.619048 0.009177 0.033730
0 0.557044 0.639881 0.015377 0.009259
0 0.640501 0.712963 0.010169 0.026455
0 0.535590 0.672784 0.020585 0.020172
0 0.533482 0.719411 0.014385 0.012235
0 0.509301 0.574074 0.013145 0.026455
0 0.461558 0.552745 0.011905 0.010913
0 0.441716 0.569610 0.009425 0.009590
0 0.574653 0.532242 0.011409 0.010251
0 0.568576 0.551091 0.008185 0.016204
0 0.498388 0.624835 0.015129 0.010251
0 0.479663 0.626984 0.011905 0.015873
0 0.397941 0.498843 0.015129 0.014881
0 0.392361 0.549934 0.007440 0.013889
0 0.402282 0.594411 0.026290 0.010251
0 0.388765 0.611607 0.009673 0.026124
0 0.497148 0.661872 0.009177 0.015542
0 0.523438 0.381944 0.007688 0.007937
0 0.581225 0.562500 0.004712 0.011905
