0 0.580481 0.466270 0.016617 0.020503
0 0.620040 0.452216 0.018353 0.010251
0 0.641245 0.480655 0.024554 0.010913
0 0.495660 0.391700 0.017609 0.034722
0 0.508309 0.426918 0.021081 0.013889
0 0.484251 0.426587 0.008185 0.011905
0 0.459697 0.510086 0.019593 0.018188
0 0.657986 0.521495 0.019841 0.011905
0 0.695437 0.628968 0.015873 0.020503
0 0.705109 0.616237 0.008929 0.014881
0 0.722594 0.632606 0.014633 0.013228
0 0.729291 0.563492 0.014633 0.010582
0 0.650298 0.542989 0.023810 0.013228
0 0.640501 0.652612 0.006696 0.022156
0 0.613963 0.649636 0.020089 0.010251
0 0.564236 0.669643 0.024802 0.011905
0 0.543279 0.606481 0.013641 0.007937
0 0.458953 0.630456 0.012153 0.007606
0 0.482267 0.600694 0.005208 0.012235
0 0.594990 0.559358 0.014881 0.010251
0 0.592510 0.574239 0.010417 0.008929
0 0.617932 0.621362 0.009673 0.010582
0 0.607019 0.730489 0.021081 0.015212
0 0.700521 0.432044 0.014137 0.027447
0 0.722098 0.409722 0.017113 0.023810
0 0.722470 0.436343 0.011905 0.021495
0 0.413442 0.529762 0.008433 0.008598
0 0.429688 0.413194 0.012649 0.014881
0 0.651786 0.326058 0.011409 0.016534
0 0.607391 0.319940 0.012897 0.020833
0 0.573661 0.303075 0.016865 0.011574
0 0.508557 0.304233 0.009673 0.017196
0 0.533110 0.277282 0.006696 0.008929
0 0.580233 0.283565 0.006200 0.010913
0 0.441840 0.411706 0.007192 0.008598
0 0.550347 0.510417 0.008929 0.010251
0 0.695809 0.469577 0.006696 0.015212
0 0.646577 0.372024 0.008433 0.009259
0 0.584945 0.385417 0.007192 0.008267
