0 0.626116 0.456184 0.015129 0.014220
0 0.636285 0.438657 0.011657 0.024802
0 0.704613 0.434028 0.012897 0.018849
0 0.727183 0.455522 0.018353 0.014220
0 0.714658 0.466766 0.017113 0.010251
0 0.700149 0.506614 0.020337 0.010582
0 0.667287 0.526786 0.021577 0.011905
0 0.643353 0.522321 0.012401 0.018188
0 0.710317 0.550099 0.012401 0.017526
0 0.632316 0.579530 0.022073 0.013558
0 0.690972 0.387731 0.009921 0.016865
0 0.712798 0.625827 0.008929 0.015542
0 0.704737 0.628638 0.009673 0.008598
0 0.701265 0.656250 0.008681 0.038029
0 0.636533 0.637235 0.015625 0.009921
0 0.638145 0.677414 0.016369 0.016865
0 0.559648 0.683532 0.012649 0.031746
0 0.634425 0.731647 0.018353 0.011574
0 0.552827 0.608631 0.007937 0.012897
0 0.595982 0.588459 0.015377 0.010251
0 0.662574 0.503638 0.014633 0.008598
0 0.487599 0.535880 0.010913 0.010913
0 0.459945 0.569279 0.010169 0.006944
0 0.479787 0.590443 0.005704 0.008929
0 0.468254 0.619378 0.006944 0.013889
0 0.493428 0.633598 0.007688 0.007275
0 0.635541 0.369709 0.015129 0.011905
0 0.613467 0.330357 0.008185 0.021825
0 0.679067 0.312500 0.012897 0.027116
0 0.560020 0.372354 0.010913 0.026455
0 0.493180 0.398313 0.009673 0.024140
0 0.515005 0.415179 0.016617 0.010913
0 0.488591 0.318122 0.016865 0.009259
0 0.578001 0.376984 0.012649 0.009921
0 0.554315 0.289517 0.016369 0.021495
0 0.535094 0.270833 0.007192 0.013889
0 0.437872 0.419147 0.014633 0.015542
0 0.425843 0.520833 0.008929 0.007937
0 0.422743 0.424769 0.007688 0.010913
0 0.537822 0.510417 0.007688 0.008929
0 0.592138 0.680556 0.006200 0.011243
0 0.528150 0.734127 0.005208 0.017196
0 0.635789 0.606151 0.009177 0.012566
