0 0.577629 0.356151 0.012897 0.018519
0 0.654266 0.344411 0.006944 0.011574
0 0.602059 0.305060 0.007688 0.022156
0 0.505332 0.356978 0.013145 0.010913
0 0.531622 0.387897 0.008681 0.006614
0 0.459945 0.408399 0.016617 0.009259
0 0.501984 0.415179 0.009425 0.009590
0 0.519097 0.300926 0.009921 0.012566
0 0.447421 0.513228 0.012897 0.021164
0 0.521329 0.504630 0.011905 0.007937
0 0.569940 0.544974 0.019345 0.014550
0 0.692336 0.552745 0.013145 0.022817
0 0.725818 0.504134 0.020585 0.012235
0 0.682044 0.370040 0.013889 0.011243
0 0.688244 0.379134 0.012897 0.008929
0 0.671627 0.474372 0.015873 0.013558
0 0.684276 0.304563 0.017361 0.028439
0 0.661830 0.572917 0.010665 0.018188
0 0.675471 0.598876 0.010169 0.027116
0 0.698537 0.596892 0.021577 0.014550
0 0.718626 0.611442 0.011161 0.012566
0 0.482515 0.560847 0.009673 0.013228
0 0.453125 0.358466 0.007440 0.017196
0 0.659970 0.311343 0.017361 0.010251
0 0.605779 0.610946 0.009673 0.012235
0 0.573041 0.581184 0.011161 0.018849
0 0.460441 0.631614 0.011657 0.011905
0 0.485367 0.687335 0.012401 0.019511
0 0.527406 0.702712 0.008185 0.016534
0 0.592262 0.712302 0.018353 0.009921
0 0.618552 0.708003 0.009921 0.009259
0 0.670759 0.678241 0.016617 0.016534
0 0.403150 0.495040 0.014633 0.019180
0 0.681548 0.442626 0.011409 0.022817
0 0.529514 0.280093 0.018849 0.016534
0 0.568948 0.269511 0.015377 0.034392
0 0.541667 0.244048 0.031746 0.037037
0 0.562748 0.684028 0.010417 0.024140
0 0.654762 0.420966 0.010417 0.011243
0 0.481151 0.414187 0.006944 0.011574
0 0.602679 0.739914 0.007440 0.018849
0 0.551587 0.756118 0.008929 0.020172
