0 0.521949 0.541171 0.020089 0.014220
0 0.566840 0.534888 0.007688 0.018188
0 0.577381 0.510913 0.011905 0.011905
0 0.584449 0.560847 0.009673 0.011243
0 0.599950 0.555225 0.006448 0.009259
0 0.607391 0.550265 0.008433 0.009921
0 0.625868 0.545470 0.013641 0.017526
0 0.675967 0.541171 0.008185 0.009590
0 0.536954 0.639220 0.008929 0.017196
0 0.557168 0.643519 0.010169 0.015212
0 0.578373 0.614749 0.013889 0.015873
0 0.583829 0.631944 0.008433 0.009259
0 0.606275 0.634921 0.011161 0.010582
0 0.642981 0.602348 0.013145 0.012897
0 0.636409 0.652116 0.008929 0.015873
0 0.667659 0.632440 0.016865 0.010251
0 0.706225 0.631614 0.008185 0.012566
0 0.718626 0.516204 0.012153 0.011905
0 0.728795 0.504630 0.005208 0.009259
0 0.717014 0.377149 0.014385 0.012897
0 0.696057 0.384921 0.010665 0.008598
0 0.617560 0.307044 0.017361 0.009590
0 0.646701 0.315146 0.014137 0.014550
0 0.608755 0.328208 0.009177 0.020172
0 0.594370 0.335317 0.008185 0.010582
0 0.460565 0.552249 0.018849 0.010582
0 0.456721 0.568122 0.008185 0.014550
0 0.463294 0.609458 0.009425 0.011243
0 0.499876 0.627149 0.010169 0.008267
0 0.499876 0.645007 0.007192 0.010913
0 0.563988 0.740245 0.011905 0.024140
0 0.400050 0.559524 0.007937 0.012566
0 0.381076 0.512731 0.010665 0.015542
0 0.415675 0.512897 0.008433 0.017857
0 0.396205 0.408565 0.019593 0.021495
0 0.423239 0.445933 0.010169 0.016204
0 0.458829 0.485450 0.007937 0.008598
0 0.422247 0.371528 0.010665 0.008267
0 0.456845 0.364253 0.006448 0.009590
0 0.511657 0.382937 0.008929 0.009921
0 0.486483 0.438327 0.010169 0.008929
0 0.586558 0.382440 0.008433 0.016204
0 0.589410 0.402612 0.008681 0.018849
0 0.644345 0.392526 0.011905 0.009259
0 0.640873 0.475198 0.010417 0.010582
0 0.700149 0.462798 0.006944 0.012897
0 0.471726 0.296958 0.010417 0.008598
0 0.529266 0.286872 0.005952 0.016204
0 0.572173 0.272817 0.011905 0.009259
0 0.569320 0.320106 0.008185 0.019841
0 0.525422 0.330522 0.008185 0.018188
0 0.495660 0.311343 0.008681 0.012897
0 0.723958 0.484458 0.004960 0.007275
0 0.663194 0.456349 0.008433 0.006614
0 0.515005 0.326389 0.004712 0.005291
0 0.541171 0.327712 0.004960 0.006614
0 0.552207 0.358466 0.004712 0.007275
