0 0.547371 0.546958 0.015377 0.009921
0 0.566716 0.509921 0.006944 0.009921
0 0.576389 0.509590 0.013889 0.019180
0 0.509921 0.532077 0.015873 0.019180
0 0.585938 0.559028 0.011657 0.007606
0 0.597594 0.560351 0.006696 0.007606
0 0.620660 0.542163 0.010169 0.008267
0 0.625868 0.544147 0.007192 0.014881
0 0.660962 0.540179 0.008433 0.018188
0 0.696057 0.512401 0.008185 0.012897
0 0.614955 0.312335 0.010665 0.024802
0 0.627356 0.315146 0.010169 0.021164
0 0.576265 0.276290 0.008681 0.012235
0 0.594990 0.324405 0.011409 0.011243
0 0.571429 0.320106 0.007440 0.011905
0 0.530382 0.283896 0.009177 0.012897
0 0.462426 0.291171 0.010665 0.010251
0 0.503720 0.298942 0.008433 0.010582
0 0.519221 0.346892 0.007192 0.021825
0 0.513765 0.379795 0.006200 0.009590
0 0.425595 0.503638 0.011409 0.011905
0 0.449777 0.493056 0.007192 0.020503
0 0.405382 0.547454 0.010169 0.014220
0 0.456349 0.574405 0.009425 0.014550
0 0.458333 0.616733 0.007440 0.010582
0 0.489211 0.618717 0.009673 0.015873
0 0.499008 0.641204 0.006448 0.013228
0 0.532986 0.620536 0.009921 0.015542
0 0.563616 0.657573 0.010665 0.013558
0 0.591890 0.624339 0.016617 0.013228
0 0.590030 0.631614 0.009425 0.009259
0 0.597718 0.649802 0.010417 0.011905
0 0.636409 0.643188 0.006944 0.013889
0 0.581349 0.729663 0.022321 0.016865
0 0.584945 0.385417 0.007688 0.012897
0 0.647817 0.382110 0.008929 0.012897
0 0.693824 0.381118 0.008681 0.008267
0 0.636037 0.406085 0.011161 0.019180
0 0.622520 0.466270 0.011905 0.014550
0 0.700769 0.464286 0.006696 0.013889
0 0.740079 0.436839 0.013393 0.021825
0 0.725818 0.496032 0.007688 0.008598
0 0.486111 0.431052 0.010417 0.012235
0 0.456969 0.356151 0.006200 0.012566
0 0.436136 0.382937 0.011161 0.023148
0 0.426091 0.419478 0.015377 0.026786
0 0.667039 0.608466 0.014137 0.013228
0 0.701513 0.634425 0.023065 0.012897
0 0.701885 0.627646 0.006944 0.013228
0 0.516493 0.322917 0.003720 0.007606
0 0.533854 0.324901 0.004216 0.006944
0 0.570809 0.373181 0.004712 0.006283
0 0.686880 0.439484 0.005208 0.007937
0 0.732515 0.482474 0.004712 0.007275
