0 0.593130 0.315146 0.018105 0.018519
0 0.584945 0.337136 0.009673 0.008929
0 0.520957 0.371858 0.011657 0.028770
0 0.530506 0.369048 0.010913 0.010582
0 0.622272 0.365245 0.013393 0.010251
0 0.628472 0.385913 0.007440 0.029101
0 0.667039 0.370205 0.015129 0.010913
0 0.550347 0.399306 0.014881 0.020172
0 0.501116 0.324239 0.009177 0.009590
0 0.509921 0.411872 0.013889 0.011574
0 0.462798 0.360780 0.013889 0.009259
0 0.460938 0.380787 0.009673 0.010251
0 0.436508 0.418651 0.009425 0.026455
0 0.419147 0.415840 0.012897 0.020172
0 0.404886 0.362434 0.011657 0.015212
0 0.624504 0.487599 0.017361 0.012235
0 0.611855 0.518849 0.016369 0.011243
0 0.579737 0.544974 0.007688 0.013228
0 0.566468 0.557705 0.007440 0.019511
0 0.526662 0.582176 0.011161 0.018188
0 0.504960 0.629630 0.012897 0.012566
0 0.569072 0.655258 0.023562 0.029431
0 0.606523 0.662864 0.024058 0.017526
0 0.676215 0.679729 0.017113 0.012897
0 0.692088 0.628803 0.011657 0.025463
0 0.691468 0.512235 0.012401 0.010582
0 0.524926 0.658234 0.012153 0.033399
0 0.499380 0.657077 0.010169 0.015212
0 0.486731 0.617063 0.013145 0.012566
0 0.543527 0.729497 0.008681 0.020503
0 0.414187 0.564484 0.013393 0.031085
0 0.386657 0.594577 0.011409 0.019841
0 0.428819 0.514385 0.021825 0.021495
0 0.447545 0.536541 0.018105 0.007606
0 0.454365 0.529266 0.008433 0.019511
0 0.479043 0.454034 0.016617 0.017196
0 0.639633 0.548942 0.010417 0.010582
0 0.645337 0.587798 0.011905 0.012235
0 0.725198 0.545139 0.018849 0.009590
0 0.637649 0.320271 0.011905 0.019511
0 0.588790 0.375000 0.006448 0.012566
