0 0.647445 0.415013 0.010169 0.016534
0 0.570685 0.343419 0.014385 0.016204
0 0.515129 0.348545 0.012897 0.011905
0 0.670015 0.473214 0.019593 0.013889
0 0.732515 0.497354 0.022569 0.010582
0 0.699157 0.532738 0.010913 0.016534
0 0.577877 0.539187 0.016369 0.026124
0 0.572545 0.508433 0.010665 0.014220
0 0.651290 0.337302 0.008433 0.009921
0 0.518725 0.498016 0.011657 0.008598
0 0.528398 0.380787 0.010169 0.008929
0 0.653398 0.570602 0.010169 0.021495
0 0.698909 0.591435 0.026786 0.017526
0 0.716766 0.604993 0.011409 0.012897
0 0.671131 0.597057 0.010417 0.026124
0 0.675347 0.674107 0.015873 0.008929
0 0.562500 0.678241 0.009921 0.028439
0 0.590278 0.712963 0.014881 0.011243
0 0.617560 0.705853 0.014881 0.009590
0 0.553695 0.744709 0.013641 0.013228
0 0.480531 0.684193 0.011657 0.016534
0 0.526910 0.695602 0.009673 0.017526
0 0.432540 0.654431 0.008929 0.011243
0 0.461558 0.630787 0.009921 0.008929
0 0.568204 0.582672 0.009425 0.020503
0 0.606275 0.607804 0.007688 0.011905
0 0.480283 0.561012 0.007192 0.016865
0 0.462922 0.587467 0.007688 0.012897
0 0.449033 0.509094 0.009673 0.024140
0 0.397073 0.489749 0.010913 0.014550
0 0.463790 0.408069 0.012401 0.011243
0 0.478175 0.407077 0.007937 0.017857
0 0.501736 0.406746 0.006448 0.010582
0 0.672495 0.430390 0.010169 0.020172
0 0.640129 0.724702 0.009921 0.022156
0 0.662078 0.497354 0.007688 0.013889
0 0.671379 0.367560 0.011409 0.012235
0 0.659598 0.308201 0.021081 0.011243
0 0.577505 0.264220 0.016121 0.037698
0 0.598214 0.290179 0.008929 0.024802
0 0.534598 0.280258 0.018105 0.015542
0 0.514261 0.293651 0.012649 0.014550
0 0.451637 0.354993 0.008433 0.014881
