0 0.659350 0.478175 0.028522 0.010582
0 0.591642 0.459987 0.017609 0.015873
0 0.619916 0.451058 0.017609 0.013889
0 0.582713 0.381779 0.011657 0.009590
0 0.603051 0.563657 0.018601 0.013558
0 0.592758 0.578373 0.013889 0.010582
0 0.654762 0.539187 0.023810 0.013558
0 0.648438 0.544312 0.012153 0.008598
0 0.623636 0.617890 0.009673 0.012897
0 0.713542 0.623347 0.010913 0.011243
0 0.717634 0.631283 0.013641 0.011905
0 0.697049 0.630952 0.005704 0.019180
0 0.708705 0.438988 0.015625 0.022817
0 0.718750 0.435681 0.008929 0.020833
0 0.695685 0.469577 0.008433 0.015873
0 0.665427 0.500165 0.012897 0.006944
0 0.668651 0.518022 0.020337 0.009590
0 0.686508 0.690972 0.010417 0.023479
0 0.642609 0.658730 0.007937 0.021825
0 0.620288 0.647652 0.015873 0.010913
0 0.563616 0.671462 0.023065 0.016204
0 0.612475 0.731151 0.020089 0.015873
0 0.545387 0.605820 0.010417 0.009259
0 0.461434 0.630291 0.010665 0.008598
0 0.481647 0.598049 0.004960 0.010913
0 0.494792 0.634921 0.006448 0.007275
0 0.415799 0.526620 0.008185 0.010251
0 0.465402 0.503307 0.011657 0.007275
0 0.461930 0.518022 0.009673 0.015542
0 0.496652 0.390708 0.010169 0.026124
0 0.509549 0.423115 0.018105 0.009590
0 0.426959 0.417659 0.011161 0.011243
0 0.443452 0.410053 0.006448 0.007937
0 0.413566 0.367229 0.012649 0.008929
0 0.609623 0.320933 0.008929 0.019511
0 0.571429 0.297288 0.018353 0.011905
0 0.507440 0.308862 0.013889 0.019180
0 0.658978 0.324570 0.010417 0.014881
0 0.713666 0.404762 0.013641 0.021825
0 0.724330 0.557870 0.016121 0.009259
0 0.547495 0.509259 0.008185 0.010582
0 0.533606 0.276455 0.006696 0.009921
0 0.460069 0.352513 0.008929 0.009259
0 0.485243 0.424438 0.007192 0.010251
