0 0.661954 0.586806 0.023313 0.010251
0 0.715030 0.617229 0.019345 0.032077
0 0.730035 0.486772 0.020585 0.013228
0 0.685392 0.512566 0.019593 0.011905
0 0.687128 0.432705 0.017609 0.012897
0 0.672991 0.421296 0.013145 0.027778
0 0.675967 0.369709 0.008681 0.010582
0 0.617436 0.374339 0.016617 0.011905
0 0.601438 0.342758 0.015873 0.030754
0 0.576513 0.374504 0.011161 0.012235
0 0.522941 0.402778 0.012153 0.009259
0 0.490575 0.402116 0.009425 0.017857
0 0.493056 0.425595 0.014881 0.009259
0 0.460069 0.365245 0.012401 0.010251
0 0.428695 0.413856 0.015129 0.014220
0 0.463294 0.354001 0.006448 0.014220
0 0.462426 0.488426 0.013641 0.013228
0 0.421875 0.501819 0.019841 0.010913
0 0.472098 0.563823 0.014633 0.007937
0 0.547495 0.619048 0.014633 0.010582
0 0.557416 0.682870 0.014633 0.009921
0 0.629216 0.688657 0.012897 0.012897
0 0.598710 0.598380 0.009921 0.008929
0 0.617808 0.507937 0.015377 0.009259
0 0.666047 0.516204 0.014633 0.011243
0 0.687376 0.469907 0.006696 0.017196
0 0.704117 0.468254 0.006944 0.007937
0 0.505828 0.541171 0.010169 0.019511
0 0.467510 0.610119 0.007440 0.010582
0 0.540551 0.296462 0.012153 0.016204
0 0.476811 0.304233 0.006696 0.013228
0 0.536210 0.264550 0.007937 0.016534
0 0.530630 0.508929 0.007688 0.009259
0 0.434524 0.513228 0.008433 0.009921
0 0.529142 0.726190 0.007192 0.014550
0 0.489583 0.632110 0.007937 0.006944
0 0.645213 0.589120 0.008185 0.014220
0 0.696429 0.552414 0.014881 0.020172
