0 0.571429 0.374669 0.016369 0.017196
0 0.535218 0.361607 0.017361 0.012897
0 0.510417 0.378803 0.009921 0.028108
0 0.500992 0.459325 0.022817 0.017196
0 0.470858 0.446263 0.006200 0.010913
0 0.464162 0.372024 0.007192 0.022487
0 0.507316 0.338624 0.018105 0.017857
0 0.515873 0.325397 0.007937 0.012566
0 0.563368 0.324405 0.027530 0.013228
0 0.585938 0.325728 0.010665 0.015873
0 0.585813 0.349041 0.009425 0.016204
0 0.633929 0.452216 0.014385 0.010251
0 0.617436 0.488591 0.009673 0.008267
0 0.571429 0.508267 0.008929 0.011905
0 0.568700 0.527612 0.013393 0.019511
0 0.584449 0.539187 0.006200 0.018849
0 0.700645 0.457837 0.028274 0.017526
0 0.703373 0.427910 0.015377 0.009259
0 0.656002 0.333829 0.016865 0.009590
0 0.700521 0.328869 0.017113 0.010251
0 0.611855 0.316303 0.016369 0.008267
0 0.558036 0.276951 0.009425 0.016204
0 0.534970 0.259259 0.008433 0.009921
0 0.450273 0.412368 0.014633 0.012566
0 0.436012 0.332341 0.011905 0.011905
0 0.417783 0.496693 0.011161 0.024471
0 0.407738 0.426918 0.007440 0.011905
0 0.379836 0.471396 0.017113 0.012897
0 0.449157 0.539021 0.018353 0.018519
0 0.468378 0.546958 0.012153 0.009259
0 0.502480 0.554233 0.020337 0.015873
0 0.548983 0.571759 0.012153 0.033730
0 0.445188 0.565807 0.008433 0.016534
0 0.393105 0.561508 0.007937 0.021825
0 0.387401 0.577877 0.018353 0.014220
0 0.625124 0.573413 0.011657 0.010582
0 0.640377 0.581845 0.010913 0.010913
0 0.639757 0.547454 0.007688 0.009590
0 0.609623 0.641865 0.008433 0.013889
0 0.626488 0.646991 0.019345 0.017526
0 0.555060 0.633598 0.016369 0.012566
0 0.543899 0.665179 0.010913 0.013558
0 0.500248 0.654762 0.008929 0.019180
0 0.498140 0.619378 0.017113 0.009921
0 0.483631 0.622685 0.007937 0.016534
0 0.477307 0.700397 0.010665 0.009259
0 0.398313 0.614087 0.011905 0.013228
0 0.640377 0.686343 0.007937 0.026124
0 0.531002 0.702546 0.011409 0.008267
0 0.674851 0.661541 0.009921 0.007606
