0 0.624132 0.417493 0.015625 0.015542
0 0.632316 0.437665 0.011161 0.018188
0 0.639137 0.391534 0.011409 0.012566
0 0.647693 0.486111 0.011161 0.019180
0 0.643725 0.524636 0.015129 0.014220
0 0.623512 0.556548 0.014881 0.018519
0 0.651414 0.571263 0.007192 0.018188
0 0.649802 0.614749 0.006944 0.017857
0 0.682292 0.599206 0.010417 0.016534
0 0.711682 0.560185 0.007688 0.013889
0 0.578993 0.436673 0.010169 0.022817
0 0.524430 0.470569 0.010665 0.035714
0 0.546131 0.594742 0.008929 0.010251
0 0.567584 0.611111 0.008681 0.018519
0 0.501984 0.581845 0.008433 0.018188
0 0.512897 0.619709 0.006944 0.019180
0 0.493056 0.478836 0.004960 0.015873
0 0.471726 0.486938 0.005456 0.020172
0 0.477183 0.421958 0.009425 0.009259
0 0.489831 0.362434 0.012401 0.025132
0 0.472842 0.387070 0.015129 0.022156
0 0.736111 0.450231 0.011905 0.011574
0 0.461434 0.533234 0.015129 0.009590
0 0.437624 0.499835 0.027034 0.018849
0 0.408110 0.553902 0.011161 0.007937
0 0.503968 0.656746 0.011905 0.021825
0 0.688740 0.292493 0.028274 0.020172
0 0.599702 0.268022 0.011409 0.017526
0 0.559400 0.299934 0.010169 0.009259
0 0.533606 0.287864 0.008681 0.008929
0 0.590030 0.299272 0.008433 0.016534
0 0.558160 0.225694 0.014137 0.010913
0 0.501612 0.319940 0.010169 0.010913
0 0.461310 0.327216 0.009921 0.012897
0 0.442336 0.340774 0.014633 0.018188
0 0.428571 0.387731 0.009921 0.010913
0 0.449901 0.282242 0.007440 0.012897
0 0.528150 0.277612 0.014633 0.016204
0 0.518849 0.273810 0.008929 0.012566
0 0.471478 0.327546 0.009425 0.016204
0 0.718750 0.542824 0.012401 0.013558
