0 0.578373 0.555556 0.006448 0.009259
0 0.611607 0.485946 0.015873 0.009590
0 0.614707 0.455026 0.008681 0.009259
0 0.671751 0.503142 0.006696 0.008929
0 0.698537 0.468585 0.006696 0.013889
0 0.719866 0.491733 0.007192 0.010582
0 0.734871 0.479663 0.004464 0.006944
0 0.637525 0.330688 0.015129 0.013889
0 0.647321 0.292163 0.012897 0.018849
0 0.602307 0.318122 0.010665 0.007937
0 0.579489 0.282077 0.004712 0.009259
0 0.576513 0.312831 0.006200 0.008598
0 0.511409 0.300265 0.005952 0.011905
0 0.532490 0.281581 0.008929 0.010251
0 0.458829 0.354663 0.004960 0.006944
0 0.504960 0.382937 0.013393 0.016534
0 0.437376 0.404101 0.008681 0.014550
0 0.438492 0.413856 0.009425 0.011574
0 0.468874 0.413360 0.010665 0.013889
0 0.485615 0.427745 0.005952 0.009590
0 0.500496 0.431713 0.012897 0.009590
0 0.443948 0.504134 0.008433 0.010913
0 0.455977 0.508433 0.013145 0.010913
0 0.410218 0.534557 0.006944 0.009590
0 0.648810 0.374835 0.005952 0.010913
0 0.690972 0.379134 0.006944 0.010251
0 0.685888 0.420470 0.009673 0.019511
0 0.585317 0.387401 0.005952 0.007606
0 0.735367 0.416667 0.017361 0.015212
0 0.730283 0.435516 0.007192 0.013889
0 0.738715 0.572917 0.007688 0.011574
0 0.694072 0.610450 0.010665 0.012566
0 0.705729 0.623843 0.010169 0.008267
0 0.695809 0.629134 0.008185 0.007606
0 0.453745 0.576720 0.009177 0.007275
0 0.484127 0.604663 0.006944 0.014881
0 0.456969 0.627646 0.009177 0.009259
0 0.497396 0.636905 0.009673 0.011243
0 0.538442 0.608466 0.012401 0.010582
0 0.609251 0.623843 0.011161 0.009590
0 0.593874 0.562831 0.011657 0.006614
0 0.593006 0.568122 0.009921 0.010582
0 0.639881 0.645007 0.004960 0.010251
0 0.603919 0.645999 0.010913 0.009590
0 0.593874 0.664683 0.006200 0.009259
0 0.566716 0.670966 0.010417 0.011243
0 0.598338 0.731151 0.015129 0.013889
0 0.531498 0.750827 0.006448 0.012235
0 0.638517 0.545470 0.011657 0.014220
0 0.650918 0.545966 0.009177 0.018519
0 0.563864 0.485946 0.012153 0.019511
0 0.555060 0.509921 0.007440 0.009921
0 0.643353 0.528274 0.015377 0.010913
0 0.522569 0.324735 0.005952 0.007275
0 0.528026 0.321429 0.004960 0.009921
0 0.601066 0.375827 0.007688 0.005622
0 0.452877 0.569775 0.004464 0.003968
0 0.520957 0.605820 0.002728 0.004630
0 0.524678 0.604001 0.003224 0.003638
0 0.709201 0.413360 0.004712 0.006614
