0 0.487103 0.432044 0.004464 0.012897
0 0.494668 0.397487 0.005704 0.017857
0 0.525174 0.444114 0.013641 0.010582
0 0.560144 0.388228 0.010169 0.011243
0 0.567708 0.355655 0.010417 0.018849
0 0.575893 0.337798 0.010913 0.022156
0 0.583209 0.322421 0.007192 0.007937
0 0.602679 0.357970 0.009425 0.012235
0 0.658234 0.348380 0.009921 0.012235
0 0.644717 0.384425 0.006696 0.010913
0 0.590650 0.378307 0.005704 0.008598
0 0.489211 0.499835 0.012649 0.012897
0 0.453621 0.498347 0.007440 0.017857
0 0.434400 0.526786 0.016617 0.013228
0 0.547619 0.744544 0.006448 0.012235
0 0.528274 0.639220 0.013889 0.017857
0 0.557788 0.654101 0.008433 0.007937
0 0.585441 0.643519 0.006696 0.016534
0 0.604911 0.650298 0.022321 0.015542
0 0.632564 0.629630 0.009177 0.013889
0 0.632192 0.659888 0.007440 0.013558
0 0.676091 0.683862 0.010417 0.007275
0 0.696181 0.641700 0.012401 0.012235
0 0.707589 0.538690 0.008433 0.006614
0 0.667907 0.501323 0.007440 0.015212
0 0.639385 0.542163 0.009425 0.010913
0 0.628844 0.576224 0.010169 0.012235
0 0.737723 0.516700 0.008681 0.010251
0 0.698785 0.388889 0.010169 0.008598
0 0.693948 0.443618 0.008929 0.008929
0 0.577505 0.283896 0.009673 0.022156
0 0.558532 0.290675 0.003968 0.009921
0 0.528894 0.271991 0.006696 0.017526
0 0.528894 0.335979 0.006696 0.012566
0 0.488095 0.309028 0.006944 0.009590
0 0.508185 0.326720 0.004464 0.005291
0 0.486111 0.353671 0.010913 0.014220
0 0.415923 0.385913 0.007440 0.018519
0 0.456597 0.374339 0.008433 0.007275
0 0.443948 0.446925 0.006448 0.012235
0 0.402530 0.524306 0.006448 0.008267
0 0.415923 0.542163 0.015377 0.011574
0 0.445064 0.555225 0.004712 0.006614
0 0.387277 0.576224 0.009177 0.013558
0 0.485863 0.613261 0.010417 0.010251
0 0.507316 0.629630 0.006696 0.007937
0 0.499380 0.651290 0.009673 0.012235
0 0.454613 0.700397 0.004960 0.014550
0 0.545883 0.568618 0.008929 0.008929
0 0.564236 0.574901 0.008433 0.020172
0 0.577257 0.573909 0.005208 0.009590
0 0.587426 0.551257 0.007688 0.007937
0 0.605903 0.499339 0.009425 0.009259
0 0.609995 0.529266 0.008185 0.006283
0 0.537698 0.329200 0.004960 0.006944
0 0.702133 0.475529 0.004464 0.009921
0 0.625868 0.690476 0.006200 0.005952
