0 0.582341 0.548942 0.008433 0.009921
0 0.564732 0.564153 0.005456 0.022487
0 0.539559 0.578208 0.009673 0.012235
0 0.524554 0.651786 0.013393 0.033069
0 0.583085 0.661872 0.023313 0.014881
0 0.593626 0.656746 0.006696 0.017857
0 0.619296 0.663029 0.018849 0.011243
0 0.671131 0.677249 0.012897 0.009259
0 0.682292 0.674107 0.012897 0.010913
0 0.694196 0.632275 0.016865 0.021164
0 0.720858 0.541336 0.014137 0.015873
0 0.682292 0.510086 0.009921 0.016204
0 0.612475 0.522817 0.012649 0.009921
0 0.639633 0.582672 0.016865 0.011243
0 0.506324 0.631614 0.011161 0.010582
0 0.499132 0.653439 0.009673 0.014550
0 0.545759 0.733135 0.006696 0.012566
0 0.490203 0.616733 0.009177 0.010582
0 0.446305 0.535714 0.023562 0.009921
0 0.451265 0.509259 0.024058 0.018519
0 0.450025 0.518353 0.008185 0.020172
0 0.618924 0.492890 0.018105 0.008929
0 0.692708 0.440972 0.009425 0.007606
0 0.495660 0.453373 0.016617 0.013889
0 0.561136 0.649471 0.006200 0.009921
0 0.416543 0.553406 0.012649 0.026124
0 0.386409 0.586971 0.010913 0.015212
0 0.437996 0.432374 0.010417 0.018849
0 0.422371 0.406415 0.007440 0.029101
0 0.503968 0.409557 0.012897 0.015542
0 0.481895 0.434854 0.005952 0.015212
0 0.637897 0.545800 0.011409 0.012897
0 0.561384 0.366071 0.023065 0.019180
0 0.540427 0.371197 0.013393 0.017526
0 0.526414 0.355324 0.010169 0.023479
0 0.536458 0.383102 0.007440 0.015542
0 0.473710 0.360450 0.018353 0.009259
0 0.639261 0.369213 0.009177 0.026786
0 0.659102 0.373843 0.012649 0.010251
0 0.700397 0.388228 0.012401 0.009259
0 0.613467 0.362765 0.012649 0.013228
0 0.586062 0.331515 0.007937 0.010251
0 0.587054 0.304067 0.014385 0.022156
0 0.535590 0.268849 0.008681 0.019180
0 0.653894 0.319114 0.011161 0.014550
0 0.497148 0.318948 0.008185 0.010251
0 0.396701 0.374008 0.008681 0.011243
0 0.459697 0.377646 0.009673 0.009259
