0 0.361772 0.496280 0.019841 0.012401
0 0.285549 0.600818 0.016865 0.008185
0 0.333995 0.645709 0.016534 0.006696
0 0.300265 0.665179 0.013228 0.010417
0 0.413856 0.698041 0.013558 0.009177
0 0.403274 0.586806 0.008929 0.007937
0 0.439980 0.589410 0.015542 0.011161
0 0.517692 0.645833 0.014881 0.021329
0 0.387566 0.457465 0.011905 0.007688
0 0.279762 0.496404 0.011243 0.006696
0 0.405754 0.463790 0.019841 0.006448
0 0.540179 0.537574 0.010251 0.008681
0 0.533399 0.561632 0.017857 0.012649
0 0.548280 0.617436 0.009259 0.006696
0 0.608796 0.561136 0.014550 0.007688
0 0.662698 0.582465 0.014550 0.013145
0 0.642030 0.523438 0.015542 0.007192
0 0.605820 0.579861 0.009259 0.011409
0 0.624173 0.562128 0.006283 0.006200
0 0.732474 0.542287 0.021164 0.009673
