0 0.701513 0.581515 0.007192 0.010251
0 0.669519 0.645999 0.012153 0.007606
0 0.704241 0.691634 0.008681 0.012897
0 0.549479 0.708499 0.010665 0.014220
0 0.584573 0.728340 0.006944 0.009590
0 0.497024 0.677745 0.010913 0.014220
0 0.526290 0.666667 0.007937 0.009921
0 0.482887 0.545470 0.009425 0.013558
0 0.494296 0.532573 0.006448 0.010913
0 0.527282 0.568948 0.005952 0.008267
0 0.540923 0.555060 0.005456 0.010251
0 0.512277 0.495040 0.007192 0.010582
0 0.577753 0.462798 0.010665 0.012235
0 0.634673 0.600364 0.006448 0.012235
0 0.601066 0.536872 0.005704 0.007606
0 0.495908 0.382937 0.007688 0.012566
0 0.520089 0.340278 0.006448 0.007275
0 0.580853 0.358466 0.005952 0.011905
0 0.612971 0.386905 0.008185 0.007275
0 0.625124 0.307044 0.014633 0.010913
0 0.760541 0.451224 0.009177 0.011574
0 0.780134 0.477183 0.014633 0.014550
