0 0.695312 0.581019 0.007688 0.011243
0 0.635541 0.601025 0.006200 0.010913
0 0.678943 0.655093 0.009673 0.011905
0 0.702505 0.687996 0.009673 0.009590
0 0.530258 0.668816 0.011409 0.010251
0 0.586062 0.704034 0.012401 0.011243
0 0.576141 0.728836 0.008433 0.015212
0 0.508557 0.685516 0.010169 0.014550
0 0.701141 0.621197 0.004464 0.008267
0 0.484871 0.528604 0.007440 0.018188
0 0.498636 0.485119 0.006696 0.011243
0 0.530754 0.570106 0.006944 0.009259
0 0.580109 0.487269 0.007937 0.016204
0 0.598958 0.549603 0.006944 0.007937
0 0.531994 0.539187 0.005952 0.009590
0 0.420883 0.428737 0.007937 0.010251
0 0.492684 0.397321 0.005704 0.010251
0 0.523686 0.340112 0.005704 0.010913
0 0.576637 0.353836 0.006448 0.009259
0 0.622396 0.312335 0.007688 0.008929
0 0.624008 0.375992 0.006448 0.007937
0 0.766989 0.471892 0.007192 0.013228
0 0.778274 0.487765 0.007440 0.018519
0 0.578125 0.465443 0.003472 0.004299
