0 0.703125 0.588955 0.007937 0.009259
0 0.656498 0.636409 0.006448 0.012897
0 0.621156 0.672454 0.009177 0.008267
0 0.533234 0.615079 0.009425 0.015212
0 0.443948 0.609623 0.006448 0.012897
0 0.510293 0.587798 0.005704 0.008267
0 0.554439 0.589286 0.006696 0.007937
0 0.455605 0.567460 0.008433 0.020503
0 0.511533 0.727183 0.007192 0.015873
0 0.664931 0.446594 0.008433 0.020172
0 0.547619 0.478671 0.007440 0.009590
0 0.596974 0.490575 0.005952 0.009590
0 0.527158 0.509094 0.006200 0.012897
0 0.570933 0.378472 0.010417 0.010251
0 0.565724 0.386078 0.008433 0.011574
0 0.580109 0.394511 0.005952 0.006614
0 0.597470 0.287533 0.005952 0.008929
0 0.545759 0.313327 0.006696 0.007606
0 0.493676 0.354497 0.007192 0.009921
0 0.678323 0.712302 0.006944 0.009921
