0 0.262566 0.520585 0.012566 0.011409
0 0.257771 0.591146 0.017526 0.013641
0 0.276124 0.589410 0.010582 0.011657
0 0.386574 0.488219 0.013228 0.009673
0 0.397321 0.596726 0.008929 0.008929
0 0.420470 0.617312 0.011574 0.008433
0 0.304398 0.650422 0.015542 0.011657
0 0.331184 0.668775 0.007606 0.007192
0 0.426587 0.685640 0.011905 0.012649
0 0.404431 0.437376 0.010582 0.009673
0 0.408069 0.453869 0.012566 0.007937
0 0.527612 0.529762 0.009590 0.007440
0 0.549107 0.546255 0.009590 0.010665
0 0.631614 0.531250 0.010582 0.012401
0 0.728340 0.537574 0.009590 0.010169
0 0.640873 0.565972 0.013228 0.011905
0 0.665509 0.585069 0.014881 0.011409
0 0.545304 0.610243 0.021164 0.014633
0 0.550099 0.615203 0.008267 0.005704
