0 0.632440 0.658730 0.011905 0.009921
0 0.652034 0.648313 0.011905 0.007606
0 0.686260 0.707011 0.005952 0.009259
0 0.701761 0.587302 0.007192 0.010582
0 0.703745 0.446098 0.020585 0.012566
0 0.756944 0.414848 0.006944 0.010251
0 0.614583 0.290675 0.006944 0.016534
0 0.585193 0.392857 0.005208 0.011905
0 0.569196 0.372520 0.004960 0.008929
0 0.565352 0.412202 0.007688 0.010251
0 0.541171 0.497354 0.007440 0.009921
0 0.594618 0.508598 0.005704 0.008598
0 0.515625 0.577877 0.006448 0.008267
0 0.564112 0.588294 0.006696 0.011243
0 0.515749 0.523975 0.005704 0.007606
0 0.446553 0.591270 0.009177 0.017196
0 0.479539 0.621693 0.009673 0.019180
0 0.526910 0.640212 0.006200 0.015873
0 0.582961 0.651951 0.004216 0.007606
0 0.536954 0.315807 0.008929 0.006614
0 0.491443 0.351852 0.008185 0.006614
