0 0.626736 0.667328 0.010417 0.008598
0 0.654142 0.645503 0.011657 0.009921
0 0.682044 0.712136 0.008433 0.007606
0 0.702629 0.587798 0.007440 0.010913
0 0.682292 0.445602 0.014881 0.012897
0 0.607019 0.286210 0.006200 0.012897
0 0.569196 0.379960 0.008433 0.007937
0 0.583209 0.394841 0.005208 0.007937
0 0.564484 0.401786 0.007937 0.011243
0 0.586682 0.385913 0.004216 0.007937
0 0.539062 0.316799 0.012153 0.007937
0 0.490079 0.353175 0.005456 0.007937
0 0.544395 0.489418 0.006944 0.009921
0 0.594370 0.499504 0.005704 0.008929
0 0.443948 0.603175 0.007937 0.017196
0 0.466890 0.593750 0.009177 0.022817
0 0.513145 0.582837 0.006448 0.009590
0 0.561384 0.586806 0.006696 0.011574
0 0.529142 0.628142 0.010169 0.015542
0 0.576141 0.629299 0.003968 0.009921
0 0.508681 0.732143 0.009921 0.014550
0 0.521577 0.517361 0.005952 0.008929
0 0.754340 0.407407 0.006200 0.009921
