0 0.631076 0.606812 0.006696 0.013228
0 0.688492 0.587136 0.007440 0.011574
0 0.681672 0.664683 0.010169 0.009921
0 0.696677 0.690146 0.006448 0.007275
0 0.536954 0.670139 0.015377 0.009590
0 0.593874 0.703869 0.008185 0.008929
0 0.521081 0.698247 0.006448 0.011574
0 0.475570 0.510747 0.009177 0.012897
0 0.486607 0.480324 0.007440 0.008267
0 0.474702 0.529927 0.006448 0.015542
0 0.522817 0.535549 0.007440 0.011574
0 0.531126 0.570271 0.010665 0.008929
0 0.577753 0.509094 0.007192 0.013558
0 0.593378 0.563161 0.007192 0.008598
0 0.765501 0.505126 0.006696 0.017526
0 0.781250 0.484788 0.012401 0.019841
0 0.490079 0.404431 0.005456 0.009259
0 0.516617 0.336806 0.007440 0.010251
0 0.575025 0.362103 0.006696 0.011905
0 0.624504 0.318287 0.011409 0.011574
0 0.623140 0.378638 0.006200 0.009921
