0 0.271991 0.536210 0.014220 0.011409
0 0.272817 0.588170 0.011905 0.011161
0 0.282573 0.593874 0.009590 0.008185
0 0.295800 0.655878 0.012235 0.013641
0 0.313492 0.696677 0.015873 0.011905
0 0.345899 0.680308 0.009259 0.007440
0 0.404431 0.604415 0.017857 0.007937
0 0.424272 0.642485 0.013228 0.011161
0 0.448743 0.690848 0.017196 0.010169
0 0.416997 0.496032 0.018519 0.009425
0 0.571263 0.630580 0.008267 0.005208
0 0.597884 0.618676 0.017857 0.013641
0 0.428241 0.440476 0.015873 0.016865
0 0.399306 0.455729 0.009590 0.007688
0 0.513724 0.540675 0.007606 0.005952
0 0.569279 0.566220 0.011574 0.015873
0 0.581019 0.581349 0.015873 0.007937
0 0.638228 0.549107 0.011243 0.008433
0 0.644841 0.561136 0.012566 0.009673
0 0.665179 0.592386 0.008267 0.007192
0 0.675926 0.575149 0.019841 0.009425
0 0.744048 0.546007 0.011243 0.006200
0 0.553241 0.400546 0.006614 0.006944
