0 0.586310 0.374339 0.006944 0.017196
0 0.607143 0.397652 0.008433 0.008929
0 0.574653 0.444444 0.011409 0.010582
0 0.603671 0.522156 0.006944 0.008598
0 0.523438 0.498843 0.006696 0.010251
0 0.500620 0.533896 0.007688 0.008929
0 0.472842 0.556382 0.007192 0.014881
0 0.523065 0.566303 0.006944 0.012235
0 0.547619 0.576885 0.005952 0.010251
0 0.633805 0.607143 0.007688 0.007937
0 0.705233 0.578208 0.006696 0.009590
0 0.658978 0.645999 0.012401 0.007606
0 0.497520 0.375331 0.007937 0.015873
0 0.521329 0.340112 0.005952 0.008929
0 0.633557 0.307870 0.011657 0.011905
0 0.761161 0.435847 0.007440 0.011905
0 0.494420 0.677579 0.009177 0.013228
0 0.525794 0.656085 0.006448 0.011243
0 0.531002 0.669974 0.008433 0.009921
0 0.503596 0.714782 0.006696 0.008267
0 0.591518 0.744709 0.005952 0.007275
0 0.699405 0.697421 0.005952 0.011905
