0 0.607019 0.452712 0.011161 0.023148
0 0.747272 0.460648 0.020337 0.009921
0 0.696057 0.582672 0.007688 0.009921
0 0.646329 0.612930 0.011409 0.009590
0 0.671503 0.686177 0.007192 0.009921
0 0.603919 0.684193 0.008433 0.009921
0 0.572297 0.599372 0.006696 0.008267
0 0.483879 0.592923 0.007440 0.010582
0 0.498264 0.671792 0.010913 0.017526
0 0.458333 0.585317 0.009921 0.007275
0 0.549975 0.560185 0.009177 0.011905
0 0.406498 0.489749 0.007440 0.009921
0 0.540427 0.460483 0.005952 0.010913
0 0.553075 0.420800 0.007937 0.010251
0 0.560640 0.323082 0.006696 0.013889
0 0.580233 0.302414 0.006696 0.014220
0 0.584573 0.380291 0.006944 0.010582
0 0.513145 0.349372 0.009425 0.008267
0 0.560392 0.383598 0.007192 0.007275
0 0.542163 0.289683 0.007937 0.007937
