0 0.407077 0.442212 0.012566 0.012897
0 0.353175 0.456969 0.014550 0.007192
0 0.235946 0.549479 0.011574 0.009177
0 0.404762 0.504340 0.017196 0.010665
0 0.511409 0.404390 0.007606 0.008185
0 0.552414 0.430680 0.005622 0.004216
0 0.465112 0.532490 0.008267 0.008433
0 0.394676 0.610739 0.022156 0.008681
0 0.390873 0.664807 0.013228 0.009177
0 0.448082 0.694444 0.014550 0.012897
0 0.301753 0.675595 0.026124 0.012401
0 0.329034 0.698537 0.017196 0.007688
0 0.595569 0.613343 0.011905 0.016865
0 0.245536 0.591766 0.016865 0.013393
0 0.249339 0.663318 0.015212 0.005704
0 0.631779 0.584449 0.010251 0.009177
0 0.616071 0.548363 0.015873 0.006448
0 0.619378 0.552083 0.017196 0.008929
0 0.668320 0.560764 0.019180 0.015377
0 0.552579 0.589658 0.009921 0.012153
0 0.548280 0.589906 0.010582 0.006200
0 0.562335 0.635169 0.006283 0.005456
