0 0.367229 0.641493 0.014881 0.009177
0 0.415179 0.697173 0.009590 0.007937
0 0.441799 0.572421 0.009921 0.009425
0 0.404927 0.583829 0.010251 0.007937
0 0.523810 0.684028 0.013228 0.024802
0 0.523644 0.576761 0.021495 0.016121
0 0.551091 0.612723 0.010251 0.008185
0 0.546958 0.541295 0.012566 0.007192
0 0.597222 0.556424 0.012566 0.008185
0 0.619544 0.586682 0.012235 0.008185
0 0.623843 0.558656 0.008929 0.005704
0 0.671627 0.575025 0.013889 0.011161
0 0.655423 0.521825 0.010582 0.008433
0 0.712798 0.550719 0.020172 0.009673
0 0.725198 0.535838 0.011243 0.008185
0 0.347884 0.494668 0.014550 0.014137
0 0.390046 0.466394 0.014220 0.008185
0 0.400463 0.471478 0.012566 0.006944
0 0.298446 0.602927 0.013558 0.009921
0 0.301091 0.669395 0.012235 0.012401
