0 0.652282 0.444775 0.009921 0.023148
0 0.564856 0.377646 0.007688 0.011905
0 0.572669 0.384425 0.006944 0.007606
0 0.577753 0.402612 0.006696 0.010913
0 0.543403 0.306217 0.006448 0.008598
0 0.592386 0.286045 0.006696 0.008598
0 0.493180 0.354828 0.007688 0.009259
0 0.549603 0.468585 0.007440 0.010582
0 0.531746 0.496693 0.005952 0.009921
0 0.599206 0.482143 0.006448 0.007937
0 0.702629 0.588294 0.007440 0.009259
0 0.656622 0.629960 0.007192 0.011905
0 0.618676 0.674272 0.008681 0.009921
0 0.676339 0.703208 0.006944 0.007606
0 0.510417 0.724537 0.007937 0.013889
0 0.447669 0.553241 0.008433 0.019180
0 0.444940 0.609788 0.005952 0.012566
0 0.508061 0.589451 0.006696 0.008929
0 0.536086 0.604497 0.012649 0.012566
0 0.552703 0.590774 0.005704 0.009590
