0 0.652654 0.652282 0.012153 0.007606
0 0.694568 0.703208 0.005208 0.010913
0 0.703125 0.583003 0.008929 0.010582
0 0.634921 0.307044 0.006944 0.014220
0 0.581845 0.381614 0.008433 0.009259
0 0.598834 0.404101 0.009673 0.009259
0 0.571057 0.437831 0.006696 0.007937
0 0.601935 0.521495 0.005952 0.007275
0 0.528150 0.505126 0.006696 0.010251
0 0.505084 0.535384 0.008185 0.007937
0 0.520709 0.571429 0.007688 0.007937
0 0.551587 0.586806 0.005952 0.011574
0 0.525298 0.654762 0.006944 0.012566
0 0.517733 0.660880 0.009177 0.010251
0 0.487227 0.683532 0.006200 0.011905
0 0.504712 0.721065 0.006944 0.010251
0 0.592014 0.748347 0.005952 0.011243
0 0.760293 0.432540 0.006200 0.014550
0 0.498016 0.367229 0.006448 0.013558
0 0.522941 0.335483 0.008185 0.012897
0 0.465650 0.568948 0.011657 0.018849
