0 0.252315 0.603051 0.020503 0.012153
0 0.280589 0.595238 0.014881 0.011905
0 0.268684 0.514261 0.010913 0.013145
0 0.381448 0.494420 0.011574 0.009673
0 0.400298 0.445561 0.011574 0.010665
0 0.420139 0.457713 0.015542 0.007192
0 0.402778 0.598338 0.011243 0.007688
0 0.315972 0.647941 0.013558 0.011161
0 0.327050 0.666791 0.011905 0.009673
0 0.421296 0.692460 0.010582 0.007937
0 0.429729 0.610739 0.012235 0.009673
0 0.531746 0.617436 0.017857 0.015625
0 0.550430 0.616939 0.007606 0.006200
0 0.548611 0.552331 0.017857 0.009921
0 0.535053 0.534970 0.007275 0.006944
0 0.637401 0.529018 0.020172 0.011409
0 0.588128 0.573413 0.008929 0.007937
0 0.565476 0.396081 0.009259 0.010913
0 0.730985 0.541543 0.009590 0.008185
0 0.664848 0.587550 0.014220 0.013393
0 0.629795 0.566592 0.017526 0.007688
0 0.635582 0.572049 0.011905 0.009177
