0 0.613963 0.678902 0.008185 0.012566
0 0.656002 0.619709 0.007440 0.011905
0 0.675719 0.697255 0.008681 0.010913
0 0.703869 0.586640 0.007937 0.011243
0 0.635789 0.444610 0.011657 0.021495
0 0.602555 0.470569 0.006696 0.009921
0 0.579241 0.381283 0.008185 0.007275
0 0.574653 0.397487 0.007440 0.011905
0 0.565848 0.357474 0.008185 0.010582
0 0.500248 0.351025 0.012897 0.014220
0 0.545263 0.298611 0.006200 0.009921
0 0.587798 0.290013 0.006448 0.009259
0 0.552703 0.449570 0.007192 0.010913
0 0.536458 0.483135 0.005456 0.011243
0 0.503348 0.591766 0.007192 0.008929
0 0.539807 0.588294 0.010665 0.015212
0 0.554936 0.592758 0.004712 0.006944
0 0.449281 0.605820 0.007192 0.010582
0 0.434772 0.529431 0.008433 0.015873
0 0.507440 0.712302 0.006944 0.011905
