0 0.281746 0.599578 0.013889 0.011657
0 0.269180 0.508681 0.016534 0.008433
0 0.369709 0.497024 0.013889 0.008929
0 0.391865 0.452629 0.011243 0.011905
0 0.415179 0.462426 0.020172 0.007688
0 0.401290 0.593130 0.009590 0.006696
0 0.433201 0.598710 0.010582 0.008433
0 0.317295 0.644593 0.012235 0.008929
0 0.312169 0.660838 0.010582 0.007688
0 0.413194 0.694320 0.010251 0.007688
0 0.518519 0.626612 0.013889 0.016617
0 0.549272 0.617560 0.011243 0.007440
0 0.537037 0.535218 0.007937 0.006944
0 0.541336 0.556548 0.015212 0.011905
0 0.632606 0.524926 0.019841 0.008681
0 0.616071 0.562872 0.020503 0.009177
0 0.593585 0.576637 0.007937 0.011905
0 0.659722 0.587178 0.015212 0.015625
0 0.725198 0.545139 0.007937 0.009921
0 0.626323 0.565476 0.007937 0.011409
0 0.567295 0.401662 0.008929 0.009673
