0 0.674851 0.651455 0.010913 0.007275
0 0.696925 0.582837 0.006448 0.010913
0 0.635913 0.601687 0.006944 0.011574
0 0.704117 0.689319 0.009921 0.011574
0 0.527902 0.670304 0.007192 0.009921
0 0.582093 0.712467 0.005952 0.013558
0 0.561136 0.720899 0.010665 0.017857
0 0.501736 0.683036 0.007440 0.014881
0 0.487599 0.535053 0.008929 0.017196
0 0.535094 0.549272 0.007192 0.011243
0 0.528770 0.571098 0.006944 0.008598
0 0.504464 0.492229 0.007440 0.010251
0 0.579117 0.476687 0.009921 0.014881
0 0.580729 0.457837 0.004216 0.005622
0 0.601438 0.545800 0.009425 0.008267
0 0.492436 0.392361 0.008185 0.013558
0 0.521453 0.340112 0.007192 0.011574
0 0.578745 0.354001 0.006696 0.009590
0 0.618552 0.381614 0.007440 0.007937
0 0.620536 0.310185 0.008433 0.009259
0 0.763765 0.460813 0.008681 0.011574
0 0.777034 0.487269 0.009425 0.012235
