0 0.733135 0.457341 0.021825 0.009921
0 0.603919 0.458168 0.010417 0.024802
0 0.606647 0.444610 0.006448 0.007606
0 0.552703 0.412864 0.007192 0.010913
0 0.540179 0.455192 0.005952 0.009590
0 0.553819 0.554067 0.008929 0.009590
0 0.575645 0.592758 0.006944 0.010251
0 0.461062 0.584491 0.010913 0.008267
0 0.476687 0.593585 0.006448 0.009921
0 0.696429 0.581349 0.006944 0.008598
0 0.642237 0.613261 0.010665 0.007606
0 0.669395 0.692295 0.008929 0.014881
0 0.601811 0.690146 0.008681 0.010582
0 0.494296 0.664517 0.012401 0.016204
0 0.399802 0.481151 0.008433 0.011243
0 0.576637 0.304233 0.007440 0.017196
0 0.556672 0.310020 0.009673 0.014220
0 0.584821 0.378307 0.006944 0.009259
0 0.512773 0.342758 0.007688 0.010251
0 0.535962 0.281250 0.007937 0.006944
0 0.557912 0.380126 0.005208 0.006944
0 0.614459 0.310185 0.005208 0.005952
0 0.406374 0.382937 0.006696 0.006614
