0 0.576885 0.744544 0.013393 0.010913
0 0.639013 0.653770 0.013641 0.008598
0 0.649430 0.645007 0.008185 0.012235
0 0.687500 0.701224 0.006944 0.013558
0 0.702009 0.586310 0.008185 0.009259
0 0.468378 0.694114 0.008185 0.011905
0 0.494792 0.643022 0.011905 0.014881
0 0.524802 0.648313 0.006448 0.012897
0 0.728919 0.449901 0.017361 0.008929
0 0.758185 0.421131 0.006448 0.011574
0 0.534474 0.502315 0.006944 0.009259
0 0.595858 0.516204 0.005704 0.009259
0 0.558532 0.590278 0.006448 0.006614
0 0.515501 0.573413 0.005704 0.007937
0 0.507937 0.527778 0.006448 0.007275
0 0.453125 0.582011 0.006944 0.013889
0 0.493056 0.355159 0.007937 0.012566
0 0.531126 0.316634 0.006696 0.008929
0 0.571553 0.373347 0.006696 0.006614
0 0.588294 0.395999 0.005952 0.010251
0 0.584573 0.405589 0.004464 0.006944
0 0.565848 0.423446 0.006696 0.008267
0 0.622892 0.294974 0.007192 0.015873
0 0.591518 0.668485 0.003968 0.005622
