0 0.479663 0.476356 0.006448 0.007606
0 0.472098 0.501488 0.011161 0.009590
0 0.468998 0.526620 0.006944 0.012897
0 0.488591 0.401290 0.007937 0.008929
0 0.516865 0.530589 0.005456 0.008267
0 0.575273 0.518684 0.006200 0.010913
0 0.530134 0.569940 0.012649 0.008267
0 0.629464 0.601025 0.005952 0.011574
0 0.540055 0.666832 0.015129 0.008929
0 0.522321 0.701720 0.005952 0.010582
0 0.595610 0.699901 0.005704 0.010913
0 0.685640 0.668981 0.009177 0.010582
0 0.697669 0.691799 0.005952 0.007275
0 0.713418 0.636574 0.005208 0.009921
0 0.684028 0.587136 0.006944 0.010251
0 0.764013 0.520833 0.009673 0.011905
0 0.783110 0.480985 0.010665 0.011574
0 0.758929 0.412864 0.005952 0.011574
0 0.630332 0.324239 0.011657 0.013558
0 0.625248 0.376819 0.007440 0.010251
0 0.574653 0.365410 0.006448 0.011905
0 0.509921 0.328869 0.006448 0.011574
