0 0.265212 0.527530 0.015212 0.012897
0 0.260417 0.586806 0.024802 0.009425
0 0.275794 0.588790 0.011243 0.011409
0 0.396329 0.594866 0.015542 0.010169
0 0.303902 0.648934 0.008598 0.013145
0 0.419312 0.624008 0.011905 0.008433
0 0.341270 0.670015 0.009259 0.008185
0 0.432870 0.688740 0.013228 0.008433
0 0.522487 0.535094 0.007937 0.007192
0 0.552745 0.550967 0.011574 0.012153
0 0.572917 0.572917 0.007606 0.007937
0 0.560847 0.613219 0.023810 0.016617
0 0.395999 0.489087 0.015542 0.010417
0 0.404266 0.453497 0.010913 0.006696
0 0.410384 0.436756 0.013228 0.012401
0 0.629299 0.540427 0.009259 0.010913
0 0.639054 0.564732 0.008929 0.005952
0 0.647983 0.569072 0.017526 0.009177
0 0.661706 0.586806 0.010582 0.009425
0 0.730324 0.539062 0.010913 0.011161
0 0.548942 0.398065 0.009259 0.008433
