0 0.291171 0.602431 0.015542 0.009921
0 0.302083 0.664807 0.010913 0.015625
0 0.352017 0.641617 0.022817 0.006944
0 0.405258 0.587302 0.012235 0.007937
0 0.355159 0.494048 0.019841 0.013889
0 0.282903 0.491071 0.012897 0.007937
0 0.387731 0.461434 0.015542 0.008681
0 0.405589 0.466394 0.020172 0.009177
0 0.443122 0.582093 0.011243 0.010417
0 0.414352 0.697793 0.011243 0.008681
0 0.518353 0.660590 0.014220 0.027034
0 0.531085 0.566344 0.019841 0.017113
0 0.547454 0.540551 0.010913 0.007192
0 0.550595 0.615203 0.008598 0.009177
0 0.604828 0.560268 0.014550 0.007937
0 0.652116 0.519593 0.013889 0.006944
0 0.663194 0.578497 0.011574 0.015625
0 0.611442 0.585193 0.012566 0.010169
0 0.624669 0.562004 0.008598 0.005952
0 0.725860 0.545883 0.020503 0.010417
0 0.731978 0.535590 0.020172 0.010665
0 0.586971 0.404142 0.007275 0.011161
