0 0.268022 0.544891 0.009590 0.006944
0 0.271991 0.587550 0.010913 0.005952
0 0.278604 0.592014 0.008929 0.009921
0 0.427910 0.500868 0.015212 0.008185
0 0.386905 0.454861 0.008598 0.004960
0 0.434193 0.440724 0.010582 0.016369
0 0.498181 0.536334 0.009590 0.009177
0 0.412368 0.606523 0.019180 0.007192
0 0.287533 0.661086 0.012235 0.009673
0 0.417493 0.656870 0.014881 0.007688
0 0.321098 0.682416 0.023148 0.016617
0 0.347884 0.696305 0.010582 0.007192
0 0.462798 0.693948 0.021495 0.011409
0 0.574901 0.582837 0.011574 0.012897
0 0.615079 0.620164 0.013889 0.016121
0 0.645007 0.548983 0.012235 0.009673
0 0.661541 0.589410 0.011574 0.008185
0 0.687004 0.568576 0.020172 0.014137
0 0.582011 0.635541 0.007275 0.005704
0 0.581184 0.591146 0.011574 0.009673
0 0.753142 0.546379 0.008267 0.006944
0 0.543981 0.403398 0.007275 0.003224
