0 0.506820 0.531581 0.006696 0.006944
0 0.532986 0.505622 0.007440 0.009921
0 0.599206 0.520007 0.005952 0.006944
0 0.702629 0.586806 0.007937 0.009590
0 0.690352 0.702712 0.006696 0.010582
0 0.650050 0.647652 0.006448 0.015542
0 0.643973 0.654101 0.012649 0.007275
0 0.582341 0.744378 0.009921 0.010582
0 0.476438 0.693287 0.008433 0.012897
0 0.504712 0.728836 0.009921 0.009921
0 0.504464 0.653274 0.012897 0.011574
0 0.525422 0.654101 0.006696 0.012566
0 0.518353 0.573743 0.006944 0.009259
0 0.557664 0.592262 0.006200 0.007937
0 0.458581 0.576389 0.008433 0.014550
0 0.759053 0.428902 0.007192 0.013228
0 0.748636 0.451885 0.014137 0.012235
0 0.495908 0.358962 0.007688 0.014220
0 0.528522 0.323413 0.007440 0.010582
0 0.629216 0.301918 0.007937 0.015873
0 0.574405 0.377646 0.007937 0.007275
0 0.591022 0.402116 0.007440 0.008598
0 0.567708 0.431382 0.006944 0.008267
