0 0.653894 0.614583 0.008681 0.010913
0 0.675099 0.693122 0.007937 0.009259
0 0.609995 0.685020 0.008681 0.010251
0 0.503224 0.696263 0.009425 0.015542
0 0.494544 0.593915 0.007440 0.008598
0 0.543651 0.573413 0.010417 0.015212
0 0.562500 0.596892 0.006944 0.007937
0 0.699901 0.584821 0.008433 0.010913
0 0.617932 0.447917 0.008185 0.023479
0 0.603671 0.461144 0.007440 0.008929
0 0.584821 0.384094 0.006944 0.008267
0 0.568576 0.394841 0.008681 0.009259
0 0.554812 0.437665 0.006944 0.012235
0 0.542287 0.475364 0.006696 0.011574
0 0.507316 0.353175 0.010665 0.007937
0 0.545883 0.295139 0.006448 0.006944
0 0.585689 0.295304 0.006200 0.011243
0 0.564112 0.341931 0.007192 0.011243
0 0.418651 0.508267 0.007937 0.011905
0 0.452753 0.597718 0.008681 0.008267
