0 0.465898 0.586475 0.010665 0.009590
0 0.468378 0.599537 0.007192 0.011905
0 0.493180 0.655258 0.013145 0.012897
0 0.582589 0.596892 0.007440 0.009259
0 0.640749 0.622520 0.007688 0.011574
0 0.697421 0.581349 0.007440 0.008598
0 0.710069 0.460483 0.022321 0.012235
0 0.593874 0.465608 0.010665 0.025794
0 0.539311 0.451554 0.007192 0.014220
0 0.554563 0.405754 0.006448 0.013228
0 0.388393 0.468585 0.010913 0.012566
0 0.405010 0.389550 0.008929 0.009259
0 0.558408 0.373843 0.006696 0.008929
0 0.586310 0.376157 0.006448 0.015542
0 0.554191 0.293981 0.009673 0.015212
0 0.575397 0.313823 0.006944 0.017196
0 0.518353 0.337963 0.006448 0.009259
0 0.533978 0.272652 0.008433 0.008929
0 0.563120 0.552579 0.009177 0.009259
0 0.610987 0.443783 0.006696 0.007937
0 0.601438 0.693618 0.008929 0.012897
0 0.669271 0.694114 0.010169 0.010582
0 0.623512 0.302414 0.005456 0.004960
0 0.651538 0.275959 0.007440 0.004960
0 0.721726 0.381448 0.004464 0.004960
