0 0.517361 0.691303 0.006944 0.012235
0 0.534846 0.666832 0.015129 0.008929
0 0.593254 0.702216 0.009425 0.008929
0 0.588046 0.740741 0.012897 0.013889
0 0.631820 0.601852 0.007192 0.011905
0 0.691220 0.583003 0.007937 0.011243
0 0.680184 0.662368 0.009177 0.009921
0 0.698289 0.689649 0.007192 0.008267
0 0.766989 0.490079 0.008185 0.017196
0 0.780878 0.486442 0.009673 0.020503
0 0.623140 0.312004 0.010665 0.008929
0 0.623388 0.375992 0.006200 0.009259
0 0.522197 0.335979 0.007192 0.009921
0 0.577381 0.355324 0.006944 0.007606
0 0.596726 0.555225 0.006448 0.007275
0 0.580357 0.498843 0.005952 0.013558
0 0.525050 0.534722 0.006448 0.010582
0 0.530134 0.570106 0.007688 0.008598
0 0.479415 0.516534 0.006944 0.013228
0 0.490327 0.482639 0.006944 0.009590
0 0.478547 0.531085 0.005208 0.007937
0 0.489583 0.403935 0.006448 0.007606
