0 0.665179 0.645172 0.011409 0.007937
0 0.701761 0.690807 0.005208 0.011243
0 0.703745 0.578042 0.007192 0.009921
0 0.761037 0.443783 0.007688 0.010582
0 0.629712 0.307870 0.011409 0.009259
0 0.587426 0.361442 0.007192 0.012566
0 0.613219 0.385913 0.007192 0.009259
0 0.496652 0.378472 0.007688 0.012235
0 0.577753 0.454200 0.009177 0.010251
0 0.517609 0.495040 0.006944 0.010582
0 0.480407 0.549438 0.007937 0.016204
0 0.497644 0.532738 0.006696 0.007275
0 0.526538 0.566634 0.006448 0.010251
0 0.543527 0.564484 0.005704 0.008598
0 0.603795 0.529762 0.007192 0.010582
0 0.633061 0.602844 0.006696 0.010582
0 0.541295 0.691634 0.009673 0.013558
0 0.588542 0.733631 0.005952 0.008267
0 0.497768 0.674438 0.010417 0.012897
0 0.526910 0.660218 0.008185 0.011574
0 0.505580 0.717097 0.010665 0.018849
0 0.520585 0.339782 0.005456 0.007606
