0 0.598338 0.504630 0.010665 0.016534
0 0.592014 0.546627 0.007440 0.011243
0 0.691344 0.544478 0.008681 0.017526
0 0.573413 0.611607 0.007440 0.018188
0 0.619172 0.606481 0.008681 0.007937
0 0.529514 0.586806 0.006448 0.014881
0 0.423859 0.606812 0.005952 0.009921
0 0.433656 0.571759 0.012153 0.008598
0 0.434028 0.370040 0.009425 0.013228
0 0.436136 0.385417 0.006696 0.012897
0 0.485243 0.433532 0.005208 0.007937
0 0.389881 0.370370 0.015377 0.009259
0 0.385045 0.402612 0.008681 0.007606
0 0.388889 0.407903 0.004960 0.005622
0 0.574901 0.388062 0.008433 0.007606
0 0.640997 0.412368 0.004712 0.005952
0 0.700397 0.384425 0.007440 0.006944
0 0.684028 0.321263 0.005952 0.013558
0 0.623388 0.258929 0.009673 0.009259
0 0.628844 0.276951 0.005704 0.012897
0 0.571677 0.343419 0.005952 0.008929
0 0.465402 0.274471 0.006200 0.007275
0 0.615823 0.531415 0.006944 0.005291
