0 0.448289 0.467758 0.007688 0.009590
0 0.490327 0.510417 0.006448 0.012235
0 0.432044 0.531581 0.008433 0.008929
0 0.405258 0.469577 0.006448 0.013889
0 0.529638 0.305556 0.004712 0.007275
0 0.551463 0.363757 0.008681 0.011243
0 0.582589 0.381614 0.006448 0.012566
0 0.699653 0.293155 0.006448 0.010251
0 0.696801 0.321925 0.005704 0.011574
0 0.596354 0.444114 0.014137 0.009259
0 0.613095 0.473380 0.006448 0.008267
0 0.647445 0.531085 0.009673 0.009921
0 0.669519 0.606151 0.011161 0.009921
0 0.589906 0.640708 0.005704 0.008267
0 0.540799 0.660880 0.011161 0.008929
0 0.474082 0.646991 0.007192 0.011574
0 0.479787 0.654101 0.010665 0.007937
0 0.484127 0.633433 0.008433 0.011574
0 0.664435 0.291667 0.006448 0.005291
0 0.679439 0.414683 0.004712 0.006614
0 0.698661 0.355324 0.005456 0.004299
