0 0.515501 0.480324 0.006696 0.016204
0 0.541419 0.480489 0.007937 0.009259
0 0.593998 0.513558 0.015377 0.015212
0 0.640129 0.645503 0.010417 0.011243
0 0.673611 0.676753 0.006448 0.008929
0 0.534474 0.669478 0.009921 0.015542
0 0.554439 0.629464 0.009177 0.012897
0 0.485739 0.658234 0.006200 0.011574
0 0.468874 0.683697 0.017113 0.010913
0 0.415551 0.488095 0.009673 0.007937
0 0.483631 0.504464 0.005952 0.008929
0 0.646329 0.450562 0.004464 0.008267
0 0.630084 0.383102 0.006200 0.009590
0 0.569816 0.349041 0.010169 0.010251
0 0.655878 0.322421 0.005208 0.006614
0 0.542039 0.341931 0.004216 0.006614
0 0.590278 0.552910 0.007440 0.009259
0 0.684152 0.308201 0.005704 0.007275
0 0.705109 0.375331 0.007440 0.005291
