0 0.692336 0.521991 0.010665 0.012897
0 0.610119 0.518353 0.010417 0.020833
0 0.623760 0.473214 0.012897 0.014550
0 0.549975 0.596561 0.008185 0.017857
0 0.595238 0.606812 0.012401 0.010582
0 0.592758 0.635747 0.016865 0.011574
0 0.523810 0.665840 0.005456 0.007606
0 0.616319 0.689815 0.008433 0.007275
0 0.427827 0.625661 0.005456 0.007275
0 0.450521 0.624669 0.015129 0.011243
0 0.472842 0.543320 0.010665 0.008598
0 0.484375 0.467427 0.004464 0.006283
0 0.438740 0.354828 0.007937 0.011243
0 0.424851 0.411210 0.006944 0.010251
0 0.383185 0.415344 0.004960 0.013889
0 0.375000 0.408234 0.006944 0.008929
0 0.565600 0.381779 0.006200 0.011574
0 0.573661 0.354993 0.010913 0.013558
0 0.642609 0.393849 0.005456 0.014550
0 0.695685 0.401124 0.006448 0.007937
0 0.634549 0.293816 0.012649 0.008267
0 0.608383 0.262897 0.008929 0.007937
0 0.457713 0.292824 0.006696 0.008929
