0 0.603919 0.486442 0.011409 0.014550
0 0.687872 0.533069 0.009177 0.016534
0 0.725570 0.467097 0.007688 0.010913
0 0.535590 0.583499 0.008681 0.013558
0 0.576637 0.615741 0.008433 0.016534
0 0.608879 0.612930 0.008433 0.008267
0 0.591394 0.526786 0.013145 0.007937
0 0.642733 0.406085 0.006200 0.011243
0 0.699281 0.387401 0.006696 0.008267
0 0.615575 0.262897 0.004960 0.007275
0 0.626736 0.291667 0.006944 0.011905
0 0.573413 0.353671 0.004960 0.006944
0 0.567584 0.387401 0.008681 0.008267
0 0.379712 0.410384 0.009425 0.007937
0 0.433532 0.366071 0.006448 0.012566
0 0.427827 0.401290 0.004960 0.008267
0 0.458953 0.285880 0.008681 0.006944
0 0.480779 0.450231 0.004712 0.007606
0 0.448661 0.560847 0.020833 0.009921
0 0.400670 0.639220 0.013641 0.009259
0 0.423983 0.618056 0.005704 0.008598
0 0.526786 0.682540 0.006448 0.015873
0 0.611607 0.694940 0.004960 0.013558
0 0.609747 0.525298 0.003720 0.008267
