0 0.643601 0.356151 0.010417 0.011243
0 0.704117 0.362269 0.008433 0.005622
0 0.536210 0.319114 0.007440 0.011905
0 0.574901 0.359458 0.006448 0.013228
0 0.526662 0.440146 0.008681 0.015873
0 0.553571 0.474868 0.006448 0.009259
0 0.592014 0.501819 0.006448 0.013558
0 0.597718 0.550761 0.007440 0.008929
0 0.433904 0.466601 0.007192 0.009921
0 0.481151 0.510913 0.006448 0.009259
0 0.404886 0.581515 0.006696 0.010913
0 0.486607 0.639220 0.009425 0.009259
0 0.483011 0.656085 0.013641 0.016534
0 0.531374 0.653274 0.010665 0.015542
0 0.566840 0.641204 0.008681 0.007275
0 0.637029 0.636905 0.009177 0.010582
0 0.676339 0.661376 0.006448 0.011243
0 0.658978 0.308532 0.008433 0.007937
0 0.685516 0.310847 0.008433 0.009921
0 0.652282 0.437004 0.004960 0.008267
0 0.669891 0.404101 0.004960 0.006614
