0 0.552331 0.373347 0.008433 0.013228
0 0.583085 0.385913 0.007440 0.014550
0 0.591766 0.450728 0.013889 0.007937
0 0.610615 0.478671 0.006448 0.010913
0 0.406126 0.469081 0.005704 0.012897
0 0.448785 0.469577 0.006200 0.009259
0 0.428447 0.537368 0.008185 0.009921
0 0.474578 0.657077 0.006696 0.010582
0 0.486111 0.649967 0.006944 0.009590
0 0.486235 0.638724 0.008681 0.010913
0 0.540551 0.659888 0.012153 0.009590
0 0.588790 0.641700 0.005456 0.008929
0 0.493428 0.513724 0.005704 0.010913
0 0.664187 0.610450 0.007937 0.011905
0 0.680680 0.616237 0.005704 0.010251
0 0.642237 0.536872 0.007192 0.008929
0 0.534474 0.309028 0.004464 0.006944
0 0.676959 0.417659 0.005208 0.007275
0 0.664187 0.296462 0.006448 0.007606
0 0.693576 0.323909 0.008185 0.014881
0 0.697173 0.293485 0.007937 0.009590
0 0.702381 0.358962 0.007440 0.006283
