0 0.450645 0.465774 0.004960 0.008267
0 0.487971 0.506614 0.005208 0.009259
0 0.440228 0.521495 0.006448 0.008598
0 0.406002 0.471892 0.003472 0.013228
0 0.482763 0.615741 0.008681 0.012566
0 0.478547 0.630622 0.007688 0.012566
0 0.474454 0.651290 0.006944 0.008267
0 0.541543 0.659557 0.007688 0.009590
0 0.588418 0.639716 0.005208 0.006944
0 0.672743 0.582507 0.005704 0.010913
0 0.683160 0.596561 0.012649 0.010582
0 0.657242 0.519015 0.008929 0.011574
0 0.603051 0.435351 0.010665 0.009590
0 0.617684 0.465774 0.006696 0.009590
0 0.551339 0.349868 0.008929 0.011905
0 0.580233 0.370040 0.009673 0.011243
0 0.524554 0.302745 0.005456 0.006944
0 0.700893 0.321429 0.008929 0.011905
0 0.666047 0.284392 0.005208 0.006614
0 0.699529 0.348380 0.006200 0.004299
0 0.684400 0.408069 0.004216 0.006614
