0 0.613095 0.623512 0.012401 0.022156
0 0.561880 0.604332 0.008681 0.005622
0 0.569816 0.568783 0.008185 0.011905
0 0.532242 0.558201 0.010913 0.009259
0 0.526290 0.682540 0.006448 0.007937
0 0.426463 0.624173 0.005208 0.007606
0 0.453249 0.625165 0.006696 0.011574
0 0.485987 0.474702 0.004712 0.010913
0 0.500620 0.501653 0.006200 0.009921
0 0.415551 0.406085 0.005704 0.006614
0 0.448537 0.331019 0.003720 0.005291
0 0.571553 0.332176 0.006200 0.015542
0 0.561384 0.358962 0.004216 0.008267
0 0.648562 0.364583 0.005456 0.008929
0 0.656126 0.415179 0.012153 0.014220
0 0.623760 0.466766 0.006448 0.015542
0 0.710193 0.471396 0.010665 0.010251
0 0.624256 0.493221 0.003968 0.004299
0 0.640005 0.702050 0.004712 0.005952
0 0.704613 0.403274 0.005456 0.006944
0 0.661086 0.298776 0.006200 0.007606
0 0.593254 0.255291 0.005952 0.007937
