0 0.624132 0.459656 0.006696 0.013889
0 0.661086 0.405754 0.014137 0.014550
0 0.705729 0.400132 0.006200 0.005952
0 0.712426 0.462136 0.010665 0.009590
0 0.591890 0.253307 0.008185 0.012566
0 0.663690 0.295635 0.005952 0.008598
0 0.572793 0.322586 0.005208 0.012897
0 0.647941 0.357804 0.006696 0.009921
0 0.560764 0.353671 0.005456 0.010913
0 0.445933 0.320106 0.004464 0.007275
0 0.409102 0.403935 0.005208 0.008929
0 0.484499 0.472388 0.005208 0.010913
0 0.503844 0.495370 0.007192 0.009259
0 0.543899 0.546958 0.009921 0.010582
0 0.569072 0.562335 0.008681 0.010251
0 0.615079 0.620536 0.011905 0.021495
0 0.561756 0.608135 0.008433 0.007937
0 0.458581 0.604497 0.008433 0.015212
0 0.425471 0.622851 0.005704 0.008267
0 0.530506 0.682540 0.005952 0.005291
0 0.642981 0.696925 0.005208 0.006283
0 0.529018 0.725529 0.008433 0.019841
0 0.624256 0.486442 0.003968 0.004630
