0 0.463046 0.473049 0.006448 0.009590
0 0.472470 0.506118 0.005456 0.009590
0 0.451389 0.506118 0.006944 0.006944
0 0.403894 0.484458 0.008185 0.010582
0 0.482639 0.588790 0.006448 0.012235
0 0.501240 0.601687 0.012897 0.013558
0 0.469246 0.637731 0.006448 0.008267
0 0.546627 0.664848 0.006944 0.007606
0 0.618056 0.659888 0.010417 0.006283
0 0.469246 0.313327 0.008433 0.010913
0 0.515253 0.288194 0.006200 0.006283
0 0.543403 0.316634 0.009425 0.011574
0 0.684276 0.495536 0.006448 0.007606
0 0.652902 0.538360 0.006696 0.008598
0 0.732887 0.564319 0.008929 0.011574
0 0.571181 0.376323 0.009425 0.006614
0 0.620288 0.424769 0.005952 0.009590
0 0.636781 0.451224 0.009177 0.010251
0 0.703125 0.305556 0.006944 0.012566
0 0.667163 0.271991 0.007440 0.008267
0 0.695685 0.336310 0.006944 0.006614
0 0.700521 0.394180 0.004712 0.005952
