0 0.685144 0.401786 0.015129 0.013889
0 0.708953 0.393353 0.007688 0.005622
0 0.728175 0.449239 0.010417 0.009590
0 0.594246 0.254795 0.012401 0.009590
0 0.666543 0.304894 0.006696 0.011243
0 0.654266 0.347718 0.006448 0.006944
0 0.573909 0.322255 0.006448 0.008267
0 0.564360 0.349868 0.005208 0.009259
0 0.453869 0.311839 0.005952 0.005291
0 0.406746 0.414848 0.006448 0.015542
0 0.491567 0.562169 0.009425 0.009921
0 0.486359 0.478671 0.006944 0.008267
0 0.518601 0.493717 0.006944 0.009259
0 0.574901 0.536872 0.008433 0.014881
0 0.626488 0.449570 0.006448 0.010251
0 0.632688 0.485119 0.004464 0.005291
0 0.576885 0.568618 0.007440 0.008929
0 0.630084 0.638724 0.008185 0.019511
0 0.534970 0.703208 0.011409 0.012235
0 0.529886 0.689319 0.007688 0.006283
0 0.555556 0.609623 0.005952 0.005622
0 0.426959 0.630787 0.006200 0.010251
