0 0.610367 0.694610 0.006448 0.009590
0 0.526662 0.682870 0.006696 0.010582
0 0.576017 0.614418 0.006696 0.017857
0 0.610491 0.606647 0.007688 0.008267
0 0.688368 0.539021 0.007688 0.015873
0 0.723090 0.473710 0.006696 0.011574
0 0.700769 0.382606 0.008185 0.009259
0 0.640625 0.411210 0.005952 0.008267
0 0.601811 0.496197 0.010665 0.016204
0 0.590278 0.539352 0.007937 0.009259
0 0.533358 0.584656 0.006200 0.014550
0 0.438988 0.567295 0.014385 0.008929
0 0.425223 0.612434 0.005208 0.007937
0 0.432540 0.369544 0.007440 0.015542
0 0.431672 0.393519 0.006200 0.011243
0 0.378100 0.375000 0.017113 0.010582
0 0.383061 0.406746 0.007688 0.007275
0 0.386409 0.410714 0.004960 0.005291
0 0.481275 0.442460 0.005208 0.006614
0 0.570437 0.389385 0.009921 0.006944
0 0.571677 0.348380 0.005456 0.008267
0 0.628100 0.284392 0.005704 0.013228
0 0.620164 0.259755 0.007688 0.011574
0 0.461682 0.282077 0.005704 0.007275
0 0.611979 0.528274 0.005704 0.006944
