0 0.638641 0.643188 0.007937 0.009259
0 0.592138 0.509259 0.007688 0.015212
0 0.593626 0.553241 0.006696 0.009921
0 0.559276 0.640708 0.010913 0.008929
0 0.531870 0.663360 0.008681 0.013889
0 0.483755 0.650959 0.007192 0.008929
0 0.477431 0.670800 0.016369 0.012897
0 0.675347 0.673280 0.007440 0.007937
0 0.519345 0.460152 0.006944 0.016204
0 0.545139 0.479332 0.006448 0.008267
0 0.480655 0.509094 0.004960 0.007606
0 0.425595 0.479001 0.008433 0.013558
0 0.571429 0.353175 0.007440 0.011243
0 0.539435 0.332507 0.004464 0.009590
0 0.633309 0.370040 0.006696 0.009259
0 0.657738 0.314649 0.005952 0.008267
0 0.685640 0.310351 0.007688 0.008267
0 0.705605 0.367560 0.008929 0.008267
0 0.648562 0.444610 0.003968 0.006944
