0 0.448909 0.470569 0.009425 0.009921
0 0.404018 0.463294 0.008929 0.013228
0 0.420883 0.545470 0.008929 0.008929
0 0.492188 0.515708 0.007192 0.012235
0 0.487971 0.645503 0.009673 0.015212
0 0.472718 0.671958 0.008929 0.012566
0 0.536458 0.658069 0.011409 0.011905
0 0.588666 0.642196 0.007688 0.007275
0 0.657738 0.618552 0.011905 0.017526
0 0.633681 0.544974 0.007937 0.009259
0 0.676091 0.627646 0.005952 0.010582
0 0.606523 0.485450 0.008681 0.011243
0 0.585193 0.457011 0.012649 0.009921
0 0.552207 0.386409 0.009177 0.010913
0 0.582837 0.389716 0.007440 0.009590
0 0.535218 0.307540 0.005952 0.006614
0 0.660466 0.298446 0.006944 0.007606
0 0.688740 0.294974 0.009921 0.011905
0 0.686508 0.329696 0.010417 0.011905
0 0.673487 0.423446 0.007192 0.010251
0 0.698785 0.360946 0.006200 0.006283
