0 0.664311 0.344577 0.010665 0.013228
0 0.702381 0.359458 0.006448 0.007937
0 0.537698 0.308532 0.007440 0.007937
0 0.578869 0.375331 0.005456 0.011905
0 0.544767 0.415675 0.009673 0.011905
0 0.570933 0.471892 0.012897 0.010582
0 0.598338 0.493056 0.007688 0.009921
0 0.616319 0.550265 0.006448 0.009921
0 0.646329 0.625331 0.005456 0.009921
0 0.675471 0.646495 0.005208 0.010582
0 0.579365 0.643519 0.006944 0.009259
0 0.533110 0.652282 0.010665 0.014220
0 0.493676 0.644015 0.012153 0.017526
0 0.488467 0.634425 0.008185 0.008267
0 0.400670 0.443122 0.006200 0.013228
0 0.446801 0.463294 0.007688 0.009921
0 0.484251 0.515212 0.005704 0.006614
0 0.412450 0.565642 0.005952 0.010913
0 0.659598 0.303241 0.005208 0.005952
0 0.682912 0.307540 0.007192 0.014550
0 0.665303 0.429563 0.004216 0.008598
0 0.684896 0.397321 0.004712 0.006944
