0 0.649058 0.434028 0.012401 0.017526
0 0.704985 0.488095 0.010665 0.010582
0 0.623636 0.484954 0.006696 0.018188
0 0.511037 0.579696 0.013641 0.012566
0 0.569072 0.584491 0.006696 0.012235
0 0.571801 0.607970 0.010169 0.006283
0 0.609251 0.633433 0.010665 0.020172
0 0.526414 0.675430 0.008681 0.009590
0 0.631076 0.698413 0.005208 0.005952
0 0.595858 0.261078 0.007192 0.008267
0 0.655878 0.301091 0.006696 0.007606
0 0.569072 0.345073 0.005208 0.017526
0 0.645461 0.376984 0.004712 0.011905
0 0.561756 0.368056 0.004960 0.008598
0 0.701637 0.410880 0.006448 0.008929
0 0.397445 0.620370 0.008185 0.009921
0 0.428075 0.626819 0.004960 0.007606
0 0.446801 0.649471 0.006200 0.014550
0 0.445561 0.337963 0.004712 0.007275
0 0.446057 0.303737 0.009673 0.009590
0 0.417287 0.407242 0.006200 0.007606
0 0.488963 0.476521 0.006200 0.011243
0 0.494916 0.514220 0.007688 0.009921
