0 0.610243 0.478505 0.012153 0.013228
0 0.689236 0.529431 0.008433 0.014550
0 0.596726 0.520999 0.011409 0.007606
0 0.580853 0.626157 0.013889 0.015542
0 0.601314 0.607308 0.008681 0.007606
0 0.540055 0.588955 0.007688 0.016534
0 0.614459 0.693618 0.006696 0.010913
0 0.528522 0.669808 0.005456 0.014881
0 0.426463 0.623181 0.006200 0.008267
0 0.424727 0.633929 0.014633 0.011905
0 0.463790 0.553241 0.013393 0.008598
0 0.698413 0.399140 0.007440 0.007937
0 0.644469 0.401951 0.005704 0.014881
0 0.567088 0.385747 0.007688 0.010913
0 0.574777 0.354993 0.008185 0.011574
0 0.434028 0.360450 0.008929 0.011243
0 0.425099 0.405919 0.006448 0.008267
0 0.376116 0.407077 0.005704 0.006614
0 0.380704 0.408399 0.004464 0.005952
0 0.456721 0.290675 0.007688 0.009259
0 0.612103 0.264220 0.005456 0.006614
0 0.627852 0.294974 0.012153 0.009259
0 0.482763 0.460152 0.005208 0.007606
