0 0.641617 0.646660 0.007937 0.015542
0 0.667039 0.691964 0.006200 0.006944
0 0.542907 0.703042 0.010913 0.013228
0 0.530506 0.698082 0.010913 0.006614
0 0.557416 0.621362 0.004712 0.005952
0 0.586682 0.573082 0.008681 0.008598
0 0.591890 0.537368 0.009673 0.016534
0 0.508929 0.545635 0.006944 0.009259
0 0.528026 0.497685 0.006944 0.009259
0 0.490079 0.486442 0.005952 0.006614
0 0.432044 0.643684 0.006944 0.011574
0 0.460565 0.319610 0.005952 0.009590
0 0.476687 0.280093 0.010417 0.007937
0 0.600694 0.257440 0.012897 0.010251
0 0.670759 0.311177 0.006200 0.011243
0 0.705605 0.401455 0.019345 0.012566
0 0.740575 0.446429 0.009425 0.009921
0 0.634425 0.448247 0.005456 0.008929
0 0.656622 0.349537 0.005208 0.005952
0 0.573165 0.332837 0.005952 0.016204
0 0.565228 0.358300 0.003968 0.013558
0 0.408854 0.424769 0.006200 0.014881
