0 0.546131 0.322421 0.012401 0.016534
0 0.518353 0.293651 0.006944 0.009921
0 0.576885 0.371032 0.010417 0.007275
0 0.669271 0.278770 0.006200 0.008598
0 0.701513 0.312831 0.009177 0.013889
0 0.699281 0.342593 0.007688 0.007275
0 0.615823 0.426918 0.006944 0.010582
0 0.630084 0.453208 0.008681 0.008267
0 0.673363 0.498843 0.006448 0.010251
0 0.660466 0.552249 0.006944 0.009259
0 0.713790 0.571925 0.007440 0.016204
0 0.405134 0.482474 0.006200 0.011243
0 0.457465 0.468585 0.006696 0.009259
0 0.544023 0.661376 0.006200 0.008598
0 0.604539 0.658069 0.008681 0.008598
0 0.480779 0.600364 0.005704 0.009590
0 0.488839 0.595569 0.011905 0.011243
0 0.468130 0.644511 0.007192 0.008598
0 0.450149 0.512731 0.006448 0.008267
0 0.479663 0.505622 0.004960 0.007275
0 0.462674 0.308036 0.007192 0.013558
0 0.692460 0.395503 0.004464 0.005291
