0 0.581597 0.616733 0.011905 0.007275
0 0.569320 0.603175 0.007688 0.013889
0 0.608011 0.646329 0.011657 0.016204
0 0.631696 0.702546 0.005456 0.005622
0 0.526042 0.676091 0.006944 0.014220
0 0.491815 0.605655 0.012401 0.013558
0 0.401538 0.630622 0.006448 0.009259
0 0.431300 0.633929 0.005456 0.007937
0 0.438492 0.670966 0.008433 0.009921
0 0.624876 0.507275 0.008185 0.018519
0 0.644841 0.459491 0.011409 0.016865
0 0.702877 0.508433 0.011905 0.011574
0 0.647569 0.388393 0.006944 0.010913
0 0.702381 0.415179 0.005456 0.008929
0 0.652158 0.305060 0.007688 0.008929
0 0.603671 0.267030 0.010417 0.007606
0 0.571429 0.357474 0.006448 0.015212
0 0.564360 0.375331 0.004712 0.005952
0 0.444072 0.316964 0.013145 0.012235
0 0.457465 0.299272 0.005704 0.009259
0 0.445064 0.350529 0.005704 0.007937
0 0.424727 0.416336 0.006200 0.009921
0 0.386285 0.416005 0.005208 0.010582
0 0.491071 0.532077 0.007440 0.009259
0 0.489335 0.479828 0.004464 0.008598
