0 0.598710 0.535880 0.010913 0.017526
0 0.592138 0.572917 0.008185 0.008929
0 0.648438 0.649471 0.008681 0.013228
0 0.668527 0.692626 0.009177 0.006944
0 0.555804 0.621528 0.004960 0.006283
0 0.545511 0.700397 0.009673 0.014550
0 0.524554 0.698909 0.011409 0.005622
0 0.432788 0.644511 0.005456 0.013889
0 0.491691 0.488261 0.005208 0.008267
0 0.533234 0.496032 0.004960 0.009921
0 0.515873 0.533399 0.005952 0.009259
0 0.394469 0.522487 0.006200 0.008598
0 0.713046 0.397321 0.013393 0.011574
0 0.748264 0.441634 0.008929 0.008929
0 0.600322 0.257110 0.009673 0.010251
0 0.672123 0.310847 0.004960 0.008598
0 0.655134 0.349868 0.005208 0.006614
0 0.636657 0.443618 0.005456 0.008267
0 0.405382 0.428737 0.004216 0.012897
0 0.462178 0.325397 0.003720 0.011905
0 0.482763 0.279101 0.013145 0.009921
0 0.569444 0.336806 0.006448 0.015542
0 0.560888 0.358466 0.005704 0.014550
0 0.648562 0.482970 0.003968 0.004960
