0 0.695064 0.517030 0.012153 0.012235
0 0.642733 0.390377 0.007192 0.012235
0 0.695188 0.408730 0.007440 0.011905
0 0.573413 0.355820 0.010417 0.012566
0 0.565848 0.375661 0.004712 0.006614
0 0.441840 0.352017 0.007192 0.010913
0 0.430804 0.310516 0.015377 0.012566
0 0.457465 0.295304 0.006200 0.008598
0 0.383681 0.414352 0.005952 0.015212
0 0.424851 0.411706 0.005952 0.011243
0 0.486607 0.473214 0.004960 0.007937
0 0.481771 0.540675 0.009673 0.007275
0 0.467014 0.619378 0.013889 0.012566
0 0.427703 0.630952 0.005208 0.007275
0 0.559648 0.603671 0.011657 0.016204
0 0.585689 0.607804 0.010665 0.007937
0 0.603051 0.645833 0.017113 0.009921
0 0.524182 0.665509 0.004712 0.011574
0 0.633185 0.471396 0.013889 0.014881
0 0.618056 0.516038 0.008433 0.017526
0 0.606027 0.263393 0.008681 0.007606
0 0.640377 0.296792 0.011409 0.007606
