0 0.590898 0.555721 0.007688 0.009590
0 0.597098 0.517692 0.017609 0.010251
0 0.643105 0.646660 0.008929 0.010251
0 0.675099 0.682374 0.007440 0.012235
0 0.683904 0.308036 0.006200 0.007606
0 0.539931 0.481481 0.008433 0.008598
0 0.517485 0.491733 0.007192 0.012566
0 0.553199 0.628803 0.008681 0.010913
0 0.537946 0.675099 0.009921 0.012897
0 0.570188 0.345569 0.011905 0.009259
0 0.655382 0.327050 0.005208 0.005952
0 0.632192 0.393849 0.005952 0.009921
0 0.412202 0.494378 0.007440 0.007275
0 0.484747 0.499835 0.006200 0.012235
0 0.647941 0.456184 0.007192 0.011574
0 0.545387 0.344081 0.003968 0.006283
0 0.707217 0.375000 0.007192 0.009921
0 0.734003 0.359788 0.016617 0.012566
0 0.447917 0.312665 0.008929 0.006944
0 0.423115 0.644180 0.005952 0.014550
0 0.489707 0.667989 0.005208 0.009921
0 0.468130 0.691468 0.017609 0.010582
