0 0.697049 0.547288 0.008185 0.016534
0 0.597222 0.515708 0.008929 0.016865
0 0.596850 0.556713 0.008185 0.011574
0 0.426463 0.576885 0.012153 0.008267
0 0.424727 0.599372 0.005704 0.009590
0 0.571553 0.329200 0.008681 0.009590
0 0.434648 0.369874 0.009177 0.008929
0 0.440972 0.375000 0.006944 0.013228
0 0.402282 0.370701 0.018849 0.007937
0 0.390997 0.398975 0.006200 0.010251
0 0.393849 0.406746 0.004464 0.007275
0 0.484995 0.422619 0.006200 0.007937
0 0.473090 0.267361 0.009673 0.007606
0 0.630332 0.266369 0.007192 0.010913
0 0.630828 0.259590 0.011657 0.008598
0 0.683160 0.318948 0.006200 0.010913
0 0.703373 0.377976 0.004960 0.007275
0 0.582341 0.382937 0.006944 0.010582
0 0.644717 0.411872 0.005704 0.006944
0 0.528398 0.674272 0.005704 0.014550
0 0.525670 0.591766 0.011161 0.011574
0 0.575273 0.610615 0.007192 0.018188
0 0.624876 0.600694 0.007192 0.008929
0 0.611483 0.679233 0.005704 0.008598
0 0.622644 0.534061 0.005208 0.005952
