0 0.595114 0.561343 0.008681 0.010251
0 0.602431 0.524140 0.017857 0.011243
0 0.487103 0.495866 0.004960 0.015542
0 0.522445 0.505622 0.005704 0.009921
0 0.539807 0.486607 0.008185 0.010251
0 0.408358 0.504464 0.005704 0.007606
0 0.426339 0.644015 0.005456 0.013558
0 0.499504 0.679067 0.007440 0.010251
0 0.551091 0.620040 0.006448 0.008598
0 0.543155 0.681878 0.010417 0.015212
0 0.653026 0.648975 0.007440 0.010251
0 0.671875 0.686839 0.006448 0.009921
0 0.472594 0.704530 0.009177 0.010251
0 0.730903 0.374835 0.015377 0.012897
0 0.707465 0.383598 0.008681 0.007275
0 0.654018 0.335483 0.007937 0.008267
0 0.570312 0.342758 0.010665 0.011574
0 0.635913 0.413194 0.005952 0.010251
0 0.552455 0.346561 0.004712 0.007275
0 0.682416 0.303902 0.006696 0.008598
0 0.457589 0.320106 0.008929 0.007937
0 0.598834 0.239583 0.005704 0.016865
