0 0.551215 0.401786 0.005704 0.013228
0 0.580233 0.383102 0.004216 0.007606
0 0.657986 0.298776 0.004960 0.008267
0 0.682416 0.297950 0.008185 0.013228
0 0.675967 0.338294 0.012153 0.013228
0 0.698785 0.358466 0.006200 0.006614
0 0.536954 0.306548 0.007937 0.009259
0 0.403522 0.453704 0.005456 0.012566
0 0.450025 0.466601 0.008681 0.007275
0 0.488343 0.515708 0.005952 0.007606
0 0.417039 0.554729 0.005704 0.009590
0 0.490451 0.634425 0.005208 0.010251
0 0.494792 0.645007 0.008433 0.014220
0 0.469246 0.683532 0.008929 0.009921
0 0.532738 0.654762 0.012401 0.010582
0 0.585193 0.643684 0.007688 0.008267
0 0.652654 0.620536 0.009177 0.012897
0 0.676587 0.638228 0.006944 0.010582
0 0.627356 0.548446 0.008681 0.012897
0 0.578497 0.461310 0.011161 0.010582
0 0.602803 0.487765 0.008185 0.011243
0 0.671131 0.427249 0.008929 0.010582
