0 0.542783 0.658896 0.007688 0.007606
0 0.593378 0.648810 0.008185 0.009921
0 0.468130 0.648810 0.005208 0.010582
0 0.480531 0.614749 0.006696 0.011905
0 0.483011 0.597057 0.007192 0.009590
0 0.406498 0.476687 0.005456 0.012897
0 0.446181 0.516700 0.005952 0.008267
0 0.454241 0.464286 0.005208 0.007937
0 0.482887 0.505622 0.006944 0.007937
0 0.520337 0.299272 0.006448 0.010582
0 0.549355 0.334491 0.010913 0.016204
0 0.580481 0.366237 0.006696 0.007606
0 0.609871 0.429233 0.008929 0.012566
0 0.624380 0.458995 0.009177 0.009921
0 0.665675 0.506118 0.006448 0.009590
0 0.664931 0.562335 0.006944 0.008267
0 0.696181 0.582011 0.010417 0.013889
0 0.668403 0.281085 0.007440 0.009259
0 0.700893 0.318618 0.011409 0.012235
0 0.700025 0.345238 0.007192 0.006614
0 0.687004 0.400298 0.004464 0.006944
