0 0.604911 0.530258 0.013393 0.016204
0 0.597718 0.566468 0.007937 0.009259
0 0.655382 0.650132 0.006696 0.010582
0 0.670883 0.689649 0.006448 0.006944
0 0.725074 0.386905 0.013641 0.011905
0 0.709697 0.390873 0.006696 0.005952
0 0.677207 0.305060 0.006200 0.008267
0 0.655506 0.341270 0.006448 0.007275
0 0.545511 0.691468 0.009177 0.015212
0 0.511285 0.688988 0.011657 0.008929
0 0.431300 0.645172 0.005456 0.013228
0 0.405382 0.512731 0.005704 0.010251
0 0.489087 0.492229 0.004960 0.013558
0 0.535962 0.491402 0.007440 0.010582
0 0.520957 0.517196 0.006200 0.008598
0 0.570312 0.341931 0.009177 0.015873
0 0.556672 0.357308 0.004712 0.010251
0 0.461682 0.328042 0.007192 0.011243
0 0.402406 0.432870 0.004712 0.011243
0 0.638517 0.429067 0.005704 0.010913
0 0.653646 0.473710 0.004216 0.004299
0 0.550471 0.621528 0.005208 0.006944
