0 0.532118 0.711806 0.010169 0.015542
0 0.531994 0.687335 0.004960 0.006944
0 0.651662 0.691799 0.004216 0.006614
0 0.621900 0.626819 0.010665 0.021495
0 0.558408 0.607143 0.005704 0.006614
0 0.570933 0.564649 0.007937 0.010251
0 0.560020 0.538856 0.007440 0.011574
0 0.672619 0.401124 0.012897 0.013228
0 0.707465 0.397817 0.006200 0.007275
0 0.719990 0.453042 0.010913 0.007937
0 0.624256 0.451554 0.006448 0.010913
0 0.588914 0.253638 0.009673 0.006614
0 0.663938 0.300595 0.008929 0.010582
0 0.572917 0.320602 0.005952 0.006944
0 0.560268 0.351852 0.006944 0.010582
0 0.651042 0.354332 0.007440 0.005622
0 0.627480 0.483962 0.004464 0.005622
0 0.426711 0.623677 0.005704 0.009259
0 0.474826 0.580522 0.011657 0.013558
0 0.485119 0.472718 0.004960 0.008929
0 0.510665 0.491733 0.005456 0.009259
0 0.407118 0.404101 0.004216 0.012566
0 0.448661 0.315807 0.005952 0.009259
