0 0.543527 0.416667 0.006696 0.009921
0 0.541171 0.382937 0.006448 0.009259
0 0.548983 0.453208 0.006200 0.008929
0 0.573785 0.421958 0.007192 0.007275
0 0.562376 0.390212 0.011161 0.007937
0 0.484747 0.384921 0.003720 0.004630
0 0.621900 0.438823 0.006200 0.009259
0 0.638889 0.484954 0.008433 0.008267
0 0.663566 0.482970 0.008185 0.008267
0 0.668527 0.499339 0.005704 0.017857
0 0.682664 0.511905 0.008185 0.009259
0 0.688120 0.462798 0.011657 0.012235
0 0.678199 0.435351 0.010169 0.008267
0 0.622024 0.252315 0.009921 0.009921
0 0.605779 0.287864 0.007192 0.008929
0 0.624132 0.341601 0.006200 0.009259
0 0.610119 0.350364 0.005456 0.008267
0 0.683780 0.282077 0.006448 0.008598
0 0.685764 0.275794 0.010913 0.008598
0 0.696057 0.305225 0.010665 0.009259
0 0.696801 0.309524 0.005704 0.006614
0 0.730655 0.326224 0.007440 0.008929
0 0.734623 0.382110 0.006448 0.010913
0 0.708333 0.398810 0.011409 0.007275
0 0.731771 0.419974 0.008681 0.007275
0 0.725570 0.430556 0.009177 0.011243
0 0.729043 0.447917 0.009177 0.010913
0 0.670263 0.556548 0.007192 0.013228
0 0.663442 0.596396 0.007937 0.006283
0 0.640005 0.644015 0.015625 0.010913
0 0.646081 0.658896 0.006448 0.008267
0 0.671751 0.649306 0.005704 0.008929
0 0.502232 0.353671 0.008433 0.010251
0 0.439360 0.502315 0.009177 0.008598
0 0.498016 0.551257 0.009921 0.007937
0 0.491319 0.570106 0.008433 0.009259
0 0.533358 0.588790 0.007192 0.010251
0 0.546503 0.616237 0.009177 0.006944
0 0.548487 0.495040 0.010665 0.029762
0 0.564112 0.499339 0.013145 0.018519
0 0.535962 0.303737 0.003968 0.004960
