0 0.509921 0.338790 0.009425 0.011574
0 0.480531 0.388889 0.006200 0.008598
0 0.427331 0.398810 0.007937 0.015212
0 0.550843 0.373843 0.007937 0.010251
0 0.572545 0.383929 0.011657 0.007275
0 0.550099 0.415675 0.006944 0.009921
0 0.569568 0.422454 0.006200 0.009590
0 0.550099 0.451885 0.008929 0.006283
0 0.439732 0.507606 0.009425 0.009259
0 0.433780 0.556548 0.011905 0.010582
0 0.497272 0.557044 0.009425 0.006944
0 0.493924 0.574405 0.007192 0.006614
0 0.534350 0.584491 0.007192 0.007606
0 0.551959 0.616237 0.008681 0.011574
0 0.615079 0.635417 0.017857 0.013558
0 0.643601 0.646495 0.006448 0.013228
0 0.646825 0.664683 0.006944 0.011243
0 0.676835 0.647983 0.006448 0.012897
0 0.653026 0.600364 0.006448 0.006283
0 0.668403 0.557540 0.008929 0.011243
0 0.610863 0.278770 0.008929 0.009259
0 0.635293 0.249339 0.010169 0.011243
0 0.693204 0.271495 0.014385 0.013889
0 0.694444 0.305556 0.011409 0.009921
0 0.730903 0.320437 0.006944 0.009259
0 0.607267 0.358631 0.006696 0.011574
0 0.624628 0.343585 0.007192 0.011243
0 0.516121 0.240741 0.008929 0.008598
0 0.621404 0.436012 0.009177 0.011574
0 0.675595 0.432044 0.008433 0.008929
0 0.699529 0.397983 0.009673 0.010913
0 0.736483 0.388724 0.009673 0.013558
0 0.731771 0.417163 0.005704 0.006944
0 0.735119 0.438327 0.012401 0.016204
0 0.725942 0.445437 0.011905 0.009921
0 0.681672 0.458995 0.009673 0.010582
0 0.682540 0.515708 0.007937 0.015542
0 0.670015 0.485946 0.009177 0.009590
0 0.664435 0.503638 0.008929 0.007937
0 0.638517 0.495040 0.010169 0.007937
0 0.562500 0.476687 0.017857 0.020172
0 0.568700 0.487269 0.011905 0.014881
0 0.544891 0.302745 0.003472 0.004960
