0 0.570685 0.340774 0.011409 0.020833
0 0.586062 0.322421 0.010913 0.010582
0 0.653026 0.316634 0.013889 0.013558
0 0.625744 0.260913 0.012897 0.016534
0 0.706845 0.300265 0.010913 0.011243
0 0.720734 0.295966 0.013393 0.010582
0 0.728919 0.375827 0.010913 0.020172
0 0.734623 0.467097 0.020833 0.016865
0 0.746776 0.495536 0.016369 0.010913
0 0.761285 0.533069 0.012649 0.025132
0 0.705605 0.499835 0.010913 0.010251
0 0.712922 0.559854 0.012649 0.009921
0 0.718006 0.602183 0.014385 0.019180
0 0.673239 0.555060 0.012649 0.012897
0 0.584077 0.572917 0.008433 0.014220
0 0.559152 0.618717 0.015129 0.013889
0 0.500992 0.493552 0.012897 0.017526
0 0.519593 0.383102 0.013889 0.018849
0 0.525670 0.364749 0.009673 0.019180
0 0.503348 0.316634 0.009177 0.017526
0 0.671007 0.388889 0.011657 0.013889
0 0.670263 0.283896 0.014633 0.015542
0 0.636657 0.395833 0.012897 0.010582
0 0.518105 0.650794 0.016865 0.011905
0 0.487847 0.356978 0.005952 0.017526
0 0.645585 0.619544 0.009921 0.006944
0 0.643849 0.470073 0.008929 0.015542
0 0.623264 0.424769 0.009425 0.009590
0 0.744296 0.435020 0.011409 0.010913
0 0.513393 0.471065 0.007937 0.013558
