0 0.501116 0.528274 0.008185 0.023479
0 0.495288 0.560020 0.008433 0.009590
0 0.496776 0.608962 0.004960 0.006944
0 0.517361 0.614749 0.010417 0.008598
0 0.543651 0.645007 0.006448 0.010251
0 0.554812 0.650794 0.006448 0.009259
0 0.452753 0.534888 0.009177 0.008929
0 0.478051 0.497851 0.007192 0.015542
0 0.534350 0.549272 0.009177 0.009259
0 0.420635 0.468585 0.005456 0.009259
0 0.482391 0.456184 0.003472 0.009590
0 0.534970 0.411376 0.009425 0.007275
0 0.563368 0.408565 0.009673 0.007606
0 0.567832 0.451885 0.004712 0.009590
0 0.582837 0.451720 0.007440 0.012566
0 0.619172 0.447917 0.006696 0.010913
0 0.472346 0.326885 0.007192 0.009590
0 0.506944 0.296958 0.006944 0.011243
0 0.546007 0.220403 0.009177 0.018188
0 0.588666 0.326720 0.006696 0.009921
0 0.605655 0.393519 0.008433 0.009259
0 0.631448 0.408069 0.007937 0.018519
0 0.661706 0.380126 0.005456 0.005622
0 0.683904 0.382937 0.005208 0.005291
0 0.685888 0.400794 0.005704 0.005952
0 0.663442 0.448909 0.009425 0.008929
0 0.708953 0.434358 0.007688 0.008267
0 0.653894 0.580026 0.008185 0.011905
0 0.603175 0.516204 0.016865 0.008598
0 0.622892 0.540179 0.008681 0.008929
0 0.649926 0.516700 0.007192 0.010251
0 0.628968 0.536376 0.006944 0.009259
0 0.633681 0.254134 0.006448 0.014881
0 0.679191 0.255126 0.005704 0.009590
0 0.687872 0.278108 0.006696 0.012566
0 0.695933 0.299934 0.009425 0.012566
0 0.724330 0.314319 0.006200 0.013558
0 0.676835 0.306052 0.008433 0.010251
0 0.574281 0.278274 0.004216 0.004960
0 0.453125 0.588459 0.007937 0.009590
0 0.668403 0.436839 0.009425 0.012566
0 0.711806 0.408234 0.004960 0.010251
