0 0.545387 0.298942 0.007440 0.011905
0 0.574281 0.303075 0.012649 0.012235
0 0.592386 0.255456 0.006696 0.014220
0 0.606275 0.264550 0.012153 0.011905
0 0.687624 0.287864 0.010665 0.008929
0 0.702257 0.298280 0.008681 0.011905
0 0.698289 0.271329 0.009673 0.010913
0 0.708209 0.283399 0.010169 0.009259
0 0.670883 0.317460 0.007440 0.009921
0 0.665303 0.392361 0.005704 0.012897
0 0.708705 0.426918 0.009177 0.009921
0 0.755952 0.478505 0.011409 0.010582
0 0.729167 0.480985 0.007440 0.019511
0 0.734871 0.525959 0.004960 0.012897
0 0.720486 0.512566 0.008433 0.012566
0 0.725322 0.588459 0.011161 0.010913
0 0.687376 0.590443 0.005208 0.012235
0 0.541047 0.532077 0.006200 0.023810
0 0.518229 0.465939 0.010169 0.007275
0 0.548735 0.366402 0.008185 0.010582
0 0.597470 0.355985 0.007440 0.008929
0 0.480159 0.357970 0.004464 0.011574
0 0.457589 0.434028 0.009921 0.010913
0 0.498760 0.513558 0.005456 0.014550
0 0.479043 0.290509 0.009673 0.012897
0 0.455233 0.604663 0.018601 0.013558
0 0.535714 0.580853 0.007440 0.012897
0 0.554439 0.584160 0.008681 0.015542
0 0.533234 0.656581 0.009425 0.009590
0 0.671007 0.639716 0.011657 0.022817
0 0.683780 0.645999 0.005952 0.014881
0 0.656746 0.650959 0.005456 0.011574
0 0.505952 0.481978 0.006448 0.012235
0 0.643353 0.462467 0.006448 0.006944
0 0.653894 0.383763 0.008185 0.008267
0 0.517981 0.372354 0.007688 0.007937
0 0.714410 0.534557 0.011657 0.009590
