0 0.583457 0.303241 0.010169 0.025132
0 0.534846 0.337632 0.009673 0.014550
0 0.543899 0.340443 0.010913 0.015542
0 0.494544 0.298611 0.010417 0.018519
0 0.678199 0.312169 0.009673 0.013889
0 0.687500 0.271825 0.012897 0.011905
0 0.704117 0.282407 0.007440 0.007275
0 0.712302 0.290840 0.013889 0.011574
0 0.744668 0.353836 0.009673 0.014550
0 0.749504 0.469907 0.018353 0.009921
0 0.727059 0.490079 0.007192 0.022487
0 0.706845 0.525463 0.006448 0.014550
0 0.724950 0.561839 0.016369 0.017857
0 0.730779 0.568948 0.009673 0.012897
0 0.703869 0.615079 0.007937 0.022487
0 0.554688 0.586971 0.007192 0.011243
0 0.531374 0.611442 0.010169 0.013889
0 0.510541 0.478340 0.014633 0.010251
0 0.503596 0.503307 0.006696 0.013889
0 0.468750 0.400628 0.008433 0.016204
0 0.476935 0.329861 0.005456 0.012235
0 0.592882 0.343585 0.007192 0.010582
0 0.638269 0.385086 0.007192 0.012897
0 0.645957 0.416667 0.009673 0.015873
0 0.529142 0.416501 0.006696 0.012897
0 0.656622 0.390873 0.005208 0.009259
0 0.721478 0.426918 0.012897 0.008598
0 0.648065 0.463624 0.008929 0.011905
0 0.658358 0.639385 0.007192 0.012897
0 0.668031 0.639881 0.010169 0.008598
0 0.681300 0.641534 0.010913 0.010582
0 0.592386 0.610119 0.006200 0.015212
0 0.604415 0.221892 0.006448 0.015212
