0 0.553819 0.631779 0.005952 0.005622
0 0.536334 0.612765 0.011657 0.017196
0 0.537822 0.568287 0.006200 0.008929
0 0.497520 0.593750 0.005952 0.008929
0 0.492684 0.562831 0.005704 0.011243
0 0.523686 0.641865 0.007192 0.011243
0 0.536954 0.658565 0.006448 0.008267
0 0.579861 0.449570 0.008929 0.010913
0 0.564112 0.413856 0.009177 0.016204
0 0.556920 0.460483 0.006696 0.009590
0 0.615947 0.467427 0.008185 0.018849
0 0.647941 0.449735 0.010169 0.012566
0 0.667535 0.442956 0.007688 0.012897
0 0.600818 0.380456 0.007688 0.008929
0 0.617932 0.382440 0.010665 0.010913
0 0.638145 0.395503 0.012897 0.013228
0 0.577753 0.338459 0.006696 0.008267
0 0.628348 0.255456 0.007688 0.016865
0 0.699157 0.268519 0.005952 0.009921
0 0.688244 0.297454 0.008433 0.008929
0 0.686508 0.304894 0.009425 0.009921
0 0.723090 0.311508 0.005704 0.013889
0 0.690352 0.382440 0.008185 0.013558
0 0.705605 0.419808 0.007937 0.010913
0 0.726190 0.414187 0.013393 0.008267
0 0.671131 0.475198 0.010417 0.017196
0 0.638145 0.532903 0.005456 0.007606
0 0.655258 0.557374 0.012401 0.012235
0 0.668899 0.567295 0.005952 0.014220
0 0.672991 0.510582 0.005208 0.012566
0 0.692336 0.643684 0.006696 0.013558
0 0.643601 0.669312 0.009921 0.012566
0 0.624876 0.348380 0.005704 0.010913
0 0.498140 0.257275 0.006696 0.015873
0 0.536458 0.267361 0.009425 0.020172
0 0.459697 0.350694 0.007192 0.011574
0 0.447421 0.525959 0.008433 0.006283
0 0.462302 0.521825 0.009921 0.009259
