0 0.613715 0.414517 0.010665 0.016204
0 0.596850 0.324239 0.009177 0.018188
0 0.619668 0.329530 0.011657 0.014220
0 0.641245 0.363426 0.011161 0.009921
0 0.719494 0.405919 0.012897 0.020833
0 0.733755 0.383763 0.008681 0.016865
0 0.708705 0.308697 0.015129 0.012897
0 0.712674 0.296792 0.011161 0.014881
0 0.674727 0.281415 0.010169 0.011905
0 0.603051 0.274636 0.008681 0.012235
0 0.723586 0.461640 0.009673 0.009259
0 0.698537 0.535880 0.010169 0.009590
0 0.551463 0.442956 0.013641 0.016865
0 0.530878 0.404266 0.008185 0.010913
0 0.491195 0.398313 0.008681 0.014881
0 0.543527 0.547288 0.009177 0.013228
0 0.549479 0.559358 0.008681 0.016204
0 0.680680 0.562169 0.012153 0.014550
0 0.539559 0.610450 0.009177 0.007275
0 0.544147 0.463624 0.005952 0.011905
0 0.505580 0.428902 0.008185 0.011243
0 0.467386 0.406581 0.006696 0.011574
0 0.685888 0.299769 0.006200 0.013558
0 0.649926 0.637731 0.008185 0.014881
0 0.618552 0.693122 0.019345 0.021825
0 0.672247 0.516534 0.009673 0.012566
0 0.644593 0.472718 0.007440 0.011574
0 0.684896 0.428737 0.010665 0.014881
0 0.739335 0.450893 0.015377 0.018849
0 0.506076 0.534226 0.007688 0.016204
0 0.488715 0.559193 0.007688 0.008598
0 0.656870 0.641369 0.007688 0.010251
0 0.663318 0.661376 0.005208 0.013228
0 0.731399 0.582176 0.007937 0.012897
0 0.743676 0.393519 0.012153 0.007275
