0 0.566468 0.358466 0.019841 0.014550
0 0.645089 0.297288 0.013889 0.014550
0 0.595238 0.275132 0.014385 0.011905
0 0.614583 0.407738 0.013393 0.019180
0 0.639385 0.556548 0.018353 0.015212
0 0.693204 0.534888 0.007440 0.013558
0 0.721354 0.464616 0.007688 0.017196
0 0.724082 0.459821 0.017113 0.010251
0 0.705853 0.396164 0.010913 0.015212
0 0.679067 0.387235 0.011409 0.010582
0 0.707961 0.304894 0.012649 0.013889
0 0.519593 0.385251 0.016865 0.019180
0 0.502356 0.418155 0.011657 0.016204
0 0.572173 0.540509 0.008433 0.012235
0 0.561632 0.636739 0.018601 0.012897
0 0.714782 0.597718 0.013889 0.018849
0 0.714410 0.507771 0.015625 0.012897
0 0.523562 0.449735 0.012897 0.011243
0 0.493924 0.482804 0.007688 0.011243
0 0.533482 0.528770 0.010913 0.013228
0 0.487227 0.502149 0.006696 0.014220
0 0.578001 0.295635 0.012649 0.014550
0 0.634177 0.325066 0.007937 0.010582
0 0.493924 0.338790 0.011657 0.013558
0 0.492684 0.319444 0.007688 0.017196
0 0.641493 0.614583 0.010169 0.008929
0 0.551215 0.244709 0.007688 0.010582
0 0.466518 0.305390 0.006448 0.012897
0 0.632812 0.476025 0.005704 0.016865
0 0.672495 0.483300 0.010169 0.009590
0 0.748512 0.452877 0.006944 0.014220
0 0.630580 0.402447 0.006200 0.010582
0 0.714534 0.347884 0.006448 0.009259
