0 0.445685 0.517692 0.010417 0.007606
0 0.457093 0.523810 0.008433 0.017196
0 0.491691 0.558532 0.006696 0.012566
0 0.538566 0.571925 0.007192 0.010251
0 0.556424 0.630126 0.017609 0.014220
0 0.553199 0.620536 0.006200 0.006944
0 0.514385 0.640212 0.006944 0.009259
0 0.549107 0.669974 0.008929 0.009259
0 0.643973 0.657077 0.008185 0.011243
0 0.647569 0.669147 0.006448 0.008267
0 0.634053 0.629134 0.009177 0.008929
0 0.690600 0.640542 0.006696 0.010582
0 0.670759 0.562335 0.008681 0.016865
0 0.668899 0.549934 0.009921 0.017857
0 0.674603 0.500827 0.004464 0.011574
0 0.666543 0.487930 0.010665 0.014881
0 0.769717 0.453208 0.014137 0.010251
0 0.732143 0.406581 0.009425 0.008267
0 0.723586 0.413690 0.006200 0.007275
0 0.710069 0.427745 0.008433 0.010913
0 0.660218 0.450397 0.009425 0.009259
0 0.611235 0.463790 0.008681 0.019511
0 0.581225 0.456515 0.010665 0.010913
0 0.559276 0.414352 0.011905 0.011905
0 0.571057 0.415179 0.005704 0.012897
0 0.551959 0.457011 0.006200 0.011243
0 0.602059 0.373843 0.008185 0.007606
0 0.607391 0.379630 0.011905 0.007937
0 0.573041 0.346065 0.007192 0.010251
0 0.627480 0.340774 0.006448 0.007606
0 0.627604 0.407407 0.009177 0.013889
0 0.689360 0.388724 0.006200 0.014220
0 0.724950 0.309524 0.005952 0.012566
0 0.689112 0.296462 0.009177 0.010913
0 0.689484 0.304233 0.006448 0.008598
0 0.625248 0.258929 0.006944 0.015873
0 0.529762 0.289683 0.010417 0.022487
0 0.454613 0.362269 0.007440 0.012897
0 0.479663 0.420139 0.007440 0.011574
0 0.563492 0.290344 0.002480 0.005291
