0 0.626364 0.349041 0.008185 0.008267
0 0.624752 0.331019 0.006448 0.008598
0 0.624008 0.309854 0.006944 0.008598
0 0.601811 0.307540 0.005704 0.009921
0 0.609623 0.261739 0.009921 0.010251
0 0.679812 0.272817 0.008433 0.008598
0 0.702629 0.302083 0.013393 0.014220
0 0.734747 0.378638 0.007688 0.020503
0 0.723710 0.414683 0.008433 0.012566
0 0.707837 0.464782 0.010913 0.008929
0 0.669395 0.494544 0.015377 0.007606
0 0.684648 0.429563 0.012649 0.013889
0 0.591890 0.408730 0.015129 0.009259
0 0.556176 0.411045 0.017609 0.011905
0 0.535590 0.407573 0.009673 0.015542
0 0.521949 0.406581 0.007688 0.010251
0 0.487227 0.380291 0.007192 0.011905
0 0.546379 0.455357 0.005952 0.011243
0 0.558036 0.526455 0.007440 0.021164
0 0.549231 0.533730 0.014137 0.009921
0 0.680556 0.554729 0.010913 0.019511
0 0.691716 0.522817 0.006448 0.008598
0 0.736483 0.445767 0.007192 0.017196
0 0.732887 0.431548 0.006448 0.012566
0 0.665551 0.463955 0.006200 0.011243
0 0.619048 0.424272 0.003968 0.011905
0 0.681424 0.286541 0.006200 0.010913
0 0.439236 0.483135 0.008929 0.008598
0 0.502356 0.541501 0.005704 0.012235
0 0.488591 0.560847 0.006944 0.008598
0 0.536830 0.598876 0.007192 0.009259
0 0.650050 0.639550 0.010913 0.021164
0 0.702629 0.602183 0.008929 0.007937
0 0.693576 0.645337 0.018105 0.008929
0 0.668031 0.653274 0.007688 0.013558
0 0.638517 0.470734 0.007192 0.008929
0 0.740699 0.326224 0.009177 0.011574
0 0.545883 0.609788 0.006448 0.009259
