0 0.619048 0.408234 0.013889 0.010251
0 0.602803 0.401290 0.007688 0.019511
0 0.588914 0.326389 0.009177 0.017857
0 0.611855 0.312169 0.013889 0.011905
0 0.593626 0.275959 0.006696 0.013558
0 0.666295 0.269015 0.021081 0.019511
0 0.637897 0.253803 0.010417 0.027447
0 0.707093 0.305060 0.014385 0.020172
0 0.708953 0.289683 0.010665 0.007275
0 0.686508 0.299603 0.008433 0.014550
0 0.650794 0.358135 0.010913 0.010582
0 0.714658 0.395337 0.009177 0.023479
0 0.734003 0.379464 0.009177 0.009590
0 0.750124 0.384425 0.012153 0.009590
0 0.753472 0.451058 0.008929 0.018519
0 0.728919 0.452877 0.010913 0.012897
0 0.698661 0.541997 0.008433 0.015212
0 0.676587 0.566303 0.008929 0.008929
0 0.679563 0.521991 0.007937 0.008929
0 0.680556 0.424769 0.010913 0.009590
0 0.649306 0.466270 0.011409 0.010582
0 0.531374 0.553406 0.012649 0.010251
0 0.542907 0.575893 0.007937 0.020172
0 0.545015 0.601687 0.009673 0.013558
0 0.616071 0.686839 0.018849 0.019180
0 0.667907 0.665509 0.010913 0.012235
0 0.547495 0.458333 0.011161 0.016534
0 0.488219 0.439649 0.014633 0.013558
0 0.525298 0.402116 0.007937 0.009921
0 0.498760 0.403770 0.008929 0.019180
0 0.449157 0.416997 0.008929 0.011905
0 0.498760 0.528770 0.011409 0.009921
0 0.533854 0.613922 0.010169 0.008929
0 0.649430 0.645337 0.006696 0.012235
0 0.659970 0.644180 0.007440 0.011243
0 0.449157 0.467097 0.006448 0.008929
0 0.485119 0.552579 0.004960 0.008598
0 0.667783 0.467427 0.007192 0.009590
0 0.537450 0.462798 0.009425 0.013558
0 0.728175 0.579034 0.008433 0.009259
