0 0.670263 0.332672 0.007192 0.017857
0 0.748512 0.397156 0.013889 0.025794
0 0.741567 0.461806 0.008433 0.012897
0 0.760665 0.496858 0.008929 0.016865
0 0.712922 0.519015 0.009177 0.019511
0 0.708581 0.531581 0.011409 0.013558
0 0.714038 0.575893 0.005456 0.013558
0 0.706473 0.597222 0.012153 0.011243
0 0.666915 0.583664 0.008929 0.014550
0 0.552083 0.596065 0.013889 0.013558
0 0.477555 0.586475 0.021081 0.016865
0 0.525670 0.640873 0.009673 0.017857
0 0.534226 0.497685 0.008433 0.011905
0 0.523438 0.467427 0.015129 0.009590
0 0.492932 0.379630 0.009673 0.019180
0 0.563492 0.352513 0.008929 0.018519
0 0.598834 0.369048 0.012153 0.015873
0 0.675967 0.383929 0.011657 0.011905
0 0.670511 0.429233 0.009177 0.013889
0 0.600074 0.292824 0.012153 0.012235
0 0.615203 0.264881 0.013145 0.014550
0 0.560516 0.286376 0.011409 0.010582
0 0.513269 0.371858 0.009177 0.008929
0 0.451637 0.449570 0.007937 0.012897
0 0.646081 0.654927 0.013393 0.012235
0 0.660838 0.659061 0.007688 0.010582
0 0.691840 0.435681 0.014137 0.008929
0 0.706349 0.294643 0.014881 0.009921
0 0.648438 0.471065 0.009177 0.011574
0 0.585317 0.290840 0.011409 0.012897
0 0.468750 0.289352 0.009425 0.012566
0 0.650174 0.392361 0.007192 0.011574
