0 0.615575 0.270337 0.013889 0.013558
0 0.610739 0.288856 0.015129 0.012235
0 0.568700 0.284888 0.008433 0.008929
0 0.584945 0.299769 0.009673 0.012897
0 0.665179 0.342427 0.005456 0.016204
0 0.685268 0.381614 0.008433 0.011905
0 0.740079 0.415840 0.016369 0.024140
0 0.744048 0.353671 0.011905 0.012897
0 0.702505 0.298115 0.015129 0.011574
0 0.673859 0.427579 0.008433 0.011905
0 0.703869 0.515046 0.019841 0.012897
0 0.706225 0.541667 0.007688 0.017857
0 0.715526 0.575728 0.008929 0.015212
0 0.664807 0.581184 0.009673 0.011574
0 0.534102 0.489253 0.007192 0.012897
0 0.487227 0.578869 0.020089 0.012897
0 0.450397 0.450397 0.007937 0.014550
0 0.430432 0.449239 0.015129 0.013558
0 0.502728 0.385913 0.008433 0.017857
0 0.515129 0.381118 0.011409 0.019511
0 0.567336 0.346561 0.009673 0.017857
0 0.600446 0.371362 0.007937 0.011243
0 0.688120 0.611442 0.007688 0.013889
0 0.764261 0.439319 0.010169 0.020833
0 0.527158 0.461971 0.013641 0.008598
0 0.683036 0.440972 0.010417 0.011574
0 0.644841 0.395503 0.007937 0.010582
0 0.652902 0.664517 0.010169 0.018188
0 0.666543 0.636078 0.007192 0.015542
0 0.663814 0.667824 0.006696 0.011574
0 0.537574 0.605985 0.014137 0.010913
0 0.524182 0.632110 0.011657 0.016865
0 0.541543 0.591104 0.010169 0.009590
0 0.656994 0.473545 0.011905 0.009921
0 0.493056 0.516038 0.006944 0.010251
0 0.635541 0.646991 0.009177 0.014881
0 0.628720 0.666336 0.007937 0.010582
