0 0.578745 0.282738 0.015129 0.009259
0 0.591270 0.281250 0.011905 0.011574
0 0.634921 0.300430 0.018849 0.016204
0 0.567956 0.365741 0.015873 0.010582
0 0.494792 0.312996 0.005952 0.016204
0 0.516617 0.392030 0.015377 0.018188
0 0.495536 0.432870 0.012401 0.015873
0 0.688616 0.389716 0.013145 0.014220
0 0.701513 0.400463 0.012153 0.010582
0 0.713294 0.305556 0.013889 0.011243
0 0.719742 0.457672 0.015377 0.007937
0 0.611359 0.408565 0.009921 0.016204
0 0.750124 0.460648 0.009673 0.013889
0 0.758805 0.473049 0.009177 0.016865
0 0.718750 0.471892 0.007440 0.016534
0 0.750124 0.529431 0.009673 0.013889
0 0.704489 0.508929 0.009177 0.014550
0 0.684276 0.527447 0.008929 0.014550
0 0.713170 0.605655 0.011161 0.020833
0 0.630704 0.556217 0.018849 0.007937
0 0.624628 0.404927 0.007688 0.018188
0 0.639385 0.596065 0.008433 0.010913
0 0.637277 0.610615 0.015129 0.010913
0 0.531870 0.519841 0.012649 0.016534
0 0.483259 0.503142 0.007192 0.014881
0 0.521701 0.446098 0.011161 0.011905
0 0.490699 0.480489 0.007192 0.011243
0 0.493924 0.455853 0.006200 0.008929
0 0.565972 0.534061 0.010913 0.009921
0 0.624876 0.477513 0.004712 0.013889
0 0.563492 0.640708 0.013393 0.010913
0 0.718750 0.349041 0.009425 0.007606
0 0.628224 0.330026 0.007937 0.015212
0 0.491567 0.349206 0.011905 0.013889
0 0.664931 0.481978 0.011905 0.009590
0 0.467882 0.314319 0.007192 0.011574
0 0.547743 0.258102 0.005704 0.008929
