0 0.580853 0.633433 0.018353 0.010251
0 0.554936 0.616733 0.005704 0.007937
0 0.537450 0.576224 0.006944 0.010251
0 0.640997 0.650298 0.005704 0.014881
0 0.644221 0.666667 0.005704 0.007937
0 0.684028 0.639716 0.005952 0.013558
0 0.670387 0.558532 0.011409 0.012566
0 0.679688 0.538690 0.009673 0.017857
0 0.661954 0.494544 0.010913 0.010913
0 0.672371 0.491237 0.007440 0.014220
0 0.635417 0.511409 0.008433 0.008267
0 0.670387 0.453704 0.010913 0.010582
0 0.671379 0.433532 0.008929 0.008598
0 0.714782 0.434028 0.008433 0.008267
0 0.752108 0.450231 0.012649 0.010913
0 0.735243 0.400794 0.009673 0.011243
0 0.725074 0.413194 0.008185 0.008267
0 0.689980 0.393188 0.007440 0.011905
0 0.619420 0.419478 0.007192 0.013558
0 0.597718 0.461806 0.011905 0.007606
0 0.619172 0.265212 0.007192 0.009921
0 0.688740 0.300761 0.007440 0.010251
0 0.692088 0.305225 0.009673 0.009259
0 0.725074 0.313823 0.007688 0.009921
0 0.696181 0.269015 0.007440 0.009590
0 0.625124 0.337798 0.004712 0.012235
0 0.601066 0.371032 0.007192 0.009921
0 0.595238 0.380952 0.012401 0.008598
0 0.572421 0.417659 0.009425 0.011243
0 0.558284 0.411872 0.006944 0.010251
0 0.565476 0.355159 0.006448 0.010582
0 0.549603 0.453704 0.008433 0.007937
0 0.578001 0.468089 0.011161 0.015542
0 0.531746 0.232970 0.006944 0.009590
0 0.522321 0.311839 0.009425 0.014550
0 0.464410 0.296627 0.009177 0.010582
0 0.445933 0.373843 0.008433 0.013558
0 0.443576 0.513889 0.009673 0.007275
0 0.454241 0.536376 0.009177 0.014550
0 0.493676 0.555225 0.006696 0.006614
0 0.495412 0.577712 0.007192 0.006614
0 0.558532 0.294643 0.003472 0.004630
0 0.479043 0.408399 0.003720 0.009921
