0 0.600074 0.391369 0.010665 0.022817
0 0.628348 0.407903 0.016617 0.011574
0 0.579737 0.338459 0.009673 0.022156
0 0.602059 0.312831 0.016617 0.008598
0 0.640253 0.283234 0.018105 0.014220
0 0.661582 0.292163 0.010169 0.006944
0 0.703249 0.306052 0.013641 0.020833
0 0.703001 0.292824 0.009177 0.010913
0 0.735491 0.371528 0.012153 0.010251
0 0.756076 0.444114 0.013145 0.021825
0 0.731647 0.443618 0.013889 0.012897
0 0.685144 0.520007 0.012649 0.012897
0 0.672247 0.573909 0.012153 0.007606
0 0.659102 0.461640 0.016121 0.009259
0 0.703497 0.391038 0.007192 0.019511
0 0.656498 0.362269 0.007937 0.013558
0 0.540799 0.475033 0.008681 0.012235
0 0.497024 0.526951 0.008929 0.014881
0 0.512029 0.567295 0.014633 0.010251
0 0.533234 0.598710 0.009425 0.021495
0 0.545387 0.595569 0.010417 0.015212
0 0.675223 0.648644 0.018105 0.014881
0 0.467138 0.449901 0.012153 0.010251
0 0.451017 0.462302 0.010169 0.013228
0 0.517237 0.400628 0.008185 0.015542
0 0.532118 0.462963 0.010665 0.013228
0 0.662822 0.475033 0.009673 0.010913
0 0.676463 0.429894 0.010665 0.019180
0 0.583333 0.282407 0.007440 0.013889
0 0.626116 0.267692 0.011161 0.022156
0 0.530134 0.618552 0.014633 0.010251
0 0.644593 0.640046 0.006448 0.015542
0 0.653150 0.663856 0.006696 0.016865
0 0.616195 0.684028 0.014633 0.018188
0 0.698041 0.550430 0.007192 0.015542
0 0.718626 0.575893 0.011161 0.011574
0 0.688368 0.308201 0.005208 0.011905
0 0.506696 0.402943 0.004960 0.012235
0 0.431672 0.429729 0.008185 0.007606
0 0.755952 0.381614 0.012897 0.010582
