0 0.557664 0.358300 0.009673 0.020172
0 0.554439 0.289683 0.009177 0.013889
0 0.587674 0.294974 0.012649 0.014550
0 0.614335 0.261905 0.010417 0.022487
0 0.669395 0.323909 0.007937 0.017526
0 0.598338 0.361442 0.007192 0.013889
0 0.702009 0.429894 0.010169 0.010582
0 0.734995 0.470238 0.004712 0.018519
0 0.752604 0.377646 0.009673 0.021825
0 0.759797 0.484127 0.012153 0.018519
0 0.717138 0.516700 0.006696 0.012897
0 0.711682 0.527612 0.015129 0.008929
0 0.718874 0.589947 0.012649 0.014550
0 0.674107 0.583333 0.007937 0.018519
0 0.656622 0.649306 0.012649 0.016865
0 0.556796 0.583499 0.017361 0.016204
0 0.535962 0.513062 0.007440 0.016865
0 0.519593 0.465443 0.013393 0.008929
0 0.493924 0.520337 0.007688 0.012235
0 0.463294 0.594411 0.019345 0.012235
0 0.528646 0.646991 0.007192 0.016865
0 0.484251 0.371032 0.007688 0.013889
0 0.473710 0.286872 0.010913 0.016204
0 0.706845 0.293981 0.008929 0.011243
0 0.669643 0.384755 0.007440 0.008929
0 0.652158 0.386409 0.008681 0.011574
0 0.515501 0.371858 0.010169 0.010251
0 0.587178 0.273644 0.007192 0.011574
0 0.673859 0.287037 0.010417 0.007937
0 0.495784 0.496362 0.009425 0.013889
0 0.531994 0.583829 0.008929 0.012235
