0 0.615203 0.256118 0.009673 0.011574
0 0.698785 0.307705 0.012649 0.013558
0 0.603299 0.300761 0.005208 0.010251
0 0.615203 0.346230 0.007688 0.007937
0 0.624628 0.335152 0.007192 0.008929
0 0.734251 0.326885 0.008681 0.011574
0 0.683904 0.274967 0.011161 0.008929
0 0.681300 0.284722 0.006944 0.009259
0 0.734995 0.379464 0.007192 0.018188
0 0.718378 0.396164 0.010665 0.009259
0 0.723090 0.422123 0.006696 0.008929
0 0.732143 0.445767 0.008433 0.015212
0 0.697297 0.464782 0.010665 0.012897
0 0.665303 0.473380 0.005704 0.012897
0 0.671255 0.493717 0.009177 0.021164
0 0.676959 0.555060 0.008681 0.015542
0 0.562624 0.514220 0.011657 0.020503
0 0.547743 0.520999 0.014137 0.020172
0 0.540799 0.412037 0.010665 0.012566
0 0.558284 0.398810 0.016369 0.010582
0 0.496032 0.367063 0.009921 0.009259
0 0.499628 0.546627 0.011161 0.013228
0 0.535218 0.594246 0.008433 0.009921
0 0.440352 0.493717 0.013145 0.009921
0 0.547123 0.453538 0.005952 0.008267
0 0.620536 0.430886 0.006944 0.008598
0 0.581969 0.414352 0.012153 0.009259
0 0.668155 0.647321 0.020337 0.016204
0 0.648438 0.647487 0.012153 0.031746
0 0.489707 0.564815 0.008681 0.009259
0 0.686384 0.514550 0.006200 0.009921
0 0.640253 0.477183 0.010169 0.010582
0 0.683036 0.432374 0.016865 0.011574
0 0.532986 0.394841 0.006944 0.009921
