0 0.443080 0.548942 0.015129 0.009259
0 0.440352 0.508598 0.009177 0.007275
0 0.494048 0.554563 0.007937 0.006614
0 0.492932 0.574405 0.006696 0.005952
0 0.535218 0.579200 0.007937 0.010913
0 0.436880 0.387897 0.005704 0.013889
0 0.478919 0.394511 0.005952 0.008598
0 0.514881 0.326224 0.008929 0.014881
0 0.556672 0.365245 0.006696 0.009590
0 0.522445 0.235450 0.008681 0.007937
0 0.613963 0.270999 0.007688 0.010913
0 0.643973 0.244544 0.011657 0.010913
0 0.625744 0.337302 0.008433 0.012566
0 0.601935 0.366733 0.006448 0.011905
0 0.580605 0.383433 0.012897 0.009590
0 0.694320 0.266204 0.012153 0.016534
0 0.693080 0.301753 0.010665 0.010913
0 0.729043 0.314319 0.006696 0.007606
0 0.736483 0.392196 0.008681 0.010582
0 0.728671 0.414352 0.008433 0.006614
0 0.694196 0.397321 0.007937 0.009590
0 0.719494 0.442130 0.009921 0.007275
0 0.738963 0.443122 0.010169 0.013889
0 0.553571 0.413856 0.005952 0.010251
0 0.569692 0.420139 0.006944 0.009590
0 0.549727 0.450728 0.008185 0.006614
0 0.551959 0.618056 0.006696 0.010582
0 0.599578 0.630126 0.017609 0.008929
0 0.639633 0.648479 0.005952 0.010582
0 0.645585 0.666667 0.007440 0.009921
0 0.681424 0.646495 0.008681 0.015873
0 0.646701 0.605159 0.009177 0.008598
0 0.668403 0.556052 0.009921 0.009590
0 0.683284 0.521991 0.005456 0.016865
0 0.617436 0.430556 0.008185 0.013228
0 0.675099 0.434028 0.006944 0.008267
0 0.678075 0.455522 0.007937 0.011574
0 0.672123 0.488757 0.007440 0.008598
0 0.660838 0.499339 0.006696 0.009259
0 0.638393 0.501323 0.008433 0.007937
0 0.579365 0.467097 0.017857 0.013558
0 0.572793 0.478671 0.012649 0.018849
0 0.551091 0.299107 0.004960 0.005622
