0 0.534474 0.555225 0.006944 0.008598
0 0.629340 0.552249 0.008681 0.007275
0 0.632564 0.535384 0.006200 0.009921
0 0.611731 0.511409 0.018105 0.016865
0 0.656126 0.512401 0.010665 0.010913
0 0.660590 0.576720 0.006200 0.011243
0 0.627728 0.447917 0.007440 0.011574
0 0.663194 0.436343 0.008433 0.012897
0 0.670387 0.456515 0.013393 0.014220
0 0.652902 0.381614 0.008185 0.006614
0 0.685640 0.380622 0.005208 0.007937
0 0.691964 0.406085 0.005952 0.008598
0 0.716642 0.410880 0.005704 0.008267
0 0.715030 0.425265 0.008929 0.009921
0 0.681424 0.252315 0.005208 0.009259
0 0.691592 0.272487 0.007192 0.010582
0 0.679067 0.305060 0.007937 0.009590
0 0.692088 0.300761 0.010665 0.010251
0 0.722718 0.313327 0.006944 0.012897
0 0.631696 0.252646 0.006944 0.015212
0 0.546627 0.406581 0.009921 0.008267
0 0.562624 0.410384 0.011161 0.007937
0 0.565228 0.456184 0.007440 0.009590
0 0.578001 0.448413 0.007192 0.011905
0 0.603175 0.384425 0.007937 0.008267
0 0.621900 0.372851 0.006696 0.010251
0 0.627232 0.396495 0.009425 0.018519
0 0.543527 0.239253 0.008681 0.016204
0 0.583829 0.331515 0.006448 0.008929
0 0.519841 0.634094 0.008929 0.014881
0 0.534722 0.642196 0.005456 0.011243
0 0.550595 0.643188 0.005456 0.011905
0 0.490203 0.560847 0.008185 0.009921
0 0.509549 0.565311 0.009673 0.018188
0 0.493924 0.602183 0.005704 0.005952
0 0.448661 0.532573 0.010417 0.008929
0 0.473462 0.504630 0.006944 0.017196
0 0.417411 0.477183 0.005456 0.009921
0 0.467510 0.334987 0.007440 0.011243
0 0.501736 0.283565 0.006944 0.013558
0 0.483631 0.441468 0.005952 0.007937
0 0.569072 0.281415 0.003224 0.005291
