0 0.599826 0.378638 0.011657 0.012566
0 0.640129 0.402282 0.011409 0.011574
0 0.693204 0.387401 0.008929 0.016204
0 0.736235 0.428571 0.014137 0.021164
0 0.762029 0.443618 0.010665 0.017526
0 0.739211 0.361938 0.012153 0.010913
0 0.701017 0.300430 0.015129 0.014881
0 0.571305 0.346396 0.011657 0.018849
0 0.590154 0.304729 0.013145 0.010251
0 0.621404 0.287368 0.014633 0.011905
0 0.511037 0.392196 0.010665 0.020503
0 0.527778 0.462302 0.008433 0.009921
0 0.535218 0.483962 0.006944 0.011574
0 0.667535 0.578042 0.013145 0.010582
0 0.694692 0.514220 0.014385 0.008598
0 0.703125 0.547454 0.007440 0.010251
0 0.717014 0.574735 0.009425 0.011905
0 0.680060 0.626157 0.008433 0.012897
0 0.664807 0.634425 0.007688 0.011574
0 0.638889 0.644511 0.008929 0.011243
0 0.652654 0.664352 0.005704 0.014550
0 0.530754 0.608962 0.013393 0.016865
0 0.496032 0.573909 0.020337 0.010913
0 0.443576 0.449901 0.014137 0.010913
0 0.451637 0.456184 0.008929 0.014881
0 0.572421 0.283069 0.006944 0.010582
0 0.661582 0.284888 0.009673 0.009590
0 0.662822 0.351356 0.005208 0.015542
0 0.673115 0.431217 0.008433 0.024471
0 0.495040 0.521329 0.009921 0.014881
0 0.541295 0.588790 0.006696 0.009590
0 0.525298 0.624339 0.015873 0.012566
0 0.673735 0.448413 0.012153 0.008598
0 0.748760 0.455026 0.010417 0.008598
0 0.616691 0.269015 0.012649 0.012897
