0 0.578621 0.317130 0.007937 0.026455
0 0.590402 0.339947 0.007192 0.011243
0 0.671131 0.309028 0.012897 0.013558
0 0.683160 0.274802 0.012649 0.011243
0 0.705233 0.288856 0.009673 0.008929
0 0.717138 0.292493 0.014137 0.008267
0 0.736235 0.359788 0.012153 0.013889
0 0.727431 0.478671 0.008929 0.016204
0 0.748264 0.466766 0.016865 0.009590
0 0.695933 0.536045 0.008929 0.015873
0 0.501240 0.301257 0.007937 0.017857
0 0.480531 0.312500 0.006696 0.014550
0 0.636657 0.386905 0.006944 0.012566
0 0.662078 0.389716 0.008185 0.011574
0 0.634797 0.421627 0.012153 0.015873
0 0.533110 0.350694 0.008185 0.018849
0 0.535590 0.355324 0.010665 0.016204
0 0.478423 0.384921 0.006944 0.014550
0 0.521949 0.428737 0.005208 0.008929
0 0.510417 0.471230 0.009921 0.008598
0 0.503100 0.497851 0.005704 0.012897
0 0.556796 0.597553 0.008929 0.009921
0 0.525298 0.625165 0.009425 0.007606
0 0.708705 0.609623 0.007688 0.007606
0 0.719618 0.603505 0.006696 0.009921
0 0.656126 0.631779 0.010169 0.014881
0 0.588418 0.592427 0.005704 0.012235
