0 0.593998 0.320437 0.007440 0.009259
0 0.632440 0.253638 0.005952 0.011243
0 0.680060 0.256118 0.006944 0.007606
0 0.680308 0.282077 0.004960 0.009921
0 0.675223 0.305225 0.006696 0.009259
0 0.697297 0.292163 0.006696 0.012897
0 0.646081 0.583003 0.006448 0.009259
0 0.644717 0.516038 0.005208 0.011574
0 0.617188 0.527778 0.006200 0.005952
0 0.634053 0.418651 0.009177 0.015212
0 0.659598 0.441138 0.007192 0.007937
0 0.702381 0.442130 0.009921 0.008598
0 0.661458 0.384094 0.007937 0.006283
0 0.674603 0.388228 0.007440 0.006614
0 0.677083 0.397983 0.004464 0.006944
0 0.666543 0.437831 0.006696 0.005952
0 0.704241 0.404101 0.005704 0.009921
0 0.608507 0.402778 0.005704 0.009921
0 0.619048 0.406085 0.005456 0.007937
0 0.612723 0.443618 0.006696 0.008267
0 0.526662 0.410384 0.008681 0.007275
0 0.568328 0.404762 0.006200 0.007275
0 0.589906 0.459491 0.008185 0.013558
0 0.477059 0.315807 0.008185 0.008598
0 0.511781 0.301257 0.008681 0.007275
0 0.569444 0.444610 0.004960 0.010913
0 0.520213 0.603671 0.013145 0.010913
0 0.533110 0.543155 0.008185 0.007606
0 0.549851 0.645999 0.004464 0.009590
0 0.559152 0.657903 0.007192 0.007606
0 0.452629 0.536872 0.005952 0.005622
0 0.481771 0.491733 0.008185 0.017857
0 0.495536 0.492560 0.006944 0.023479
0 0.456969 0.586475 0.007688 0.008267
0 0.424231 0.458003 0.005704 0.011905
0 0.723958 0.313327 0.007440 0.012235
0 0.580233 0.270668 0.003720 0.005622
0 0.479415 0.465443 0.004960 0.010913
0 0.498636 0.562004 0.008185 0.007606
0 0.498388 0.613591 0.005704 0.007606
