0 0.670015 0.502811 0.017609 0.012897
0 0.681796 0.555886 0.010913 0.018519
0 0.723214 0.410549 0.011409 0.016865
0 0.735243 0.383929 0.010169 0.025132
0 0.706349 0.301587 0.013889 0.021825
0 0.677207 0.277943 0.011657 0.011574
0 0.631324 0.352513 0.012649 0.008598
0 0.608259 0.265377 0.010169 0.012235
0 0.716270 0.463955 0.010913 0.010582
0 0.696553 0.525463 0.010169 0.011243
0 0.556548 0.540509 0.008433 0.020172
0 0.652406 0.638393 0.014137 0.019511
0 0.537202 0.601025 0.008433 0.012235
0 0.533854 0.407077 0.006696 0.017857
0 0.598586 0.409888 0.012649 0.008929
0 0.615203 0.421792 0.007192 0.016865
0 0.624628 0.329861 0.010169 0.008929
0 0.600694 0.312996 0.007440 0.012235
0 0.492436 0.390046 0.006200 0.012897
0 0.442212 0.479828 0.007440 0.007275
0 0.505456 0.533565 0.005456 0.009590
0 0.488095 0.556217 0.008433 0.009921
0 0.545015 0.459491 0.007192 0.012897
0 0.667287 0.460979 0.005704 0.011243
0 0.688492 0.427579 0.009425 0.015873
0 0.681672 0.292989 0.006200 0.011243
0 0.667659 0.655258 0.008929 0.016865
0 0.613839 0.692460 0.010913 0.023810
0 0.552951 0.425595 0.012153 0.012566
0 0.513765 0.414683 0.014137 0.010582
0 0.481027 0.390542 0.008681 0.011905
0 0.736483 0.446429 0.012153 0.023810
