0 0.640997 0.451720 0.010665 0.011243
0 0.666419 0.441634 0.007937 0.011574
0 0.674727 0.470569 0.006696 0.017196
0 0.697421 0.418155 0.008433 0.008929
0 0.721726 0.419974 0.009425 0.009259
0 0.688244 0.385747 0.006944 0.011574
0 0.646329 0.392526 0.010913 0.010582
0 0.623512 0.388228 0.010417 0.012566
0 0.625496 0.358466 0.005952 0.011905
0 0.685888 0.306217 0.013641 0.015873
0 0.721726 0.314319 0.005456 0.014881
0 0.696677 0.272983 0.006944 0.013558
0 0.629712 0.255622 0.006448 0.015212
0 0.540055 0.255126 0.008681 0.021495
0 0.500496 0.273810 0.006944 0.019180
0 0.580109 0.336475 0.005952 0.009590
0 0.563864 0.417659 0.011657 0.009259
0 0.578621 0.447917 0.009425 0.010913
0 0.613467 0.477679 0.012649 0.017526
0 0.666171 0.571925 0.007440 0.013558
0 0.644965 0.560516 0.012153 0.006614
0 0.468130 0.517196 0.012153 0.014550
0 0.449281 0.528604 0.008681 0.009590
0 0.492932 0.560516 0.006200 0.010582
0 0.524802 0.598049 0.010913 0.016865
0 0.537326 0.562831 0.005208 0.006614
0 0.497024 0.596396 0.006448 0.008267
0 0.529762 0.643519 0.007440 0.010582
0 0.530258 0.651786 0.005952 0.007275
0 0.553571 0.635417 0.008433 0.008929
0 0.635665 0.534061 0.005456 0.009259
0 0.665923 0.511409 0.007937 0.010913
0 0.641493 0.670139 0.008185 0.016865
0 0.690724 0.641700 0.008929 0.011574
0 0.484127 0.436343 0.006944 0.010913
0 0.464410 0.346065 0.007192 0.015542
0 0.561012 0.464616 0.007937 0.008598
0 0.602431 0.386739 0.009425 0.010251
