0 0.574281 0.327216 0.008185 0.024802
0 0.530134 0.359458 0.005208 0.018519
0 0.530878 0.367560 0.015129 0.013558
0 0.502604 0.308036 0.008681 0.017526
0 0.481647 0.302745 0.010417 0.017526
0 0.646205 0.244544 0.011657 0.017526
0 0.676463 0.279101 0.010169 0.013889
0 0.703745 0.294147 0.009177 0.009590
0 0.718006 0.293651 0.014385 0.011905
0 0.734251 0.365741 0.012153 0.016534
0 0.745040 0.467593 0.016369 0.011243
0 0.759797 0.485450 0.012153 0.011905
0 0.662822 0.392196 0.012153 0.010582
0 0.664187 0.315146 0.011905 0.011243
0 0.587674 0.337302 0.007688 0.007937
0 0.687376 0.545635 0.011657 0.017857
0 0.713542 0.504630 0.007937 0.007275
0 0.714038 0.561839 0.007937 0.010582
0 0.730655 0.594577 0.010913 0.011243
0 0.512029 0.471396 0.006696 0.012897
0 0.484127 0.375331 0.006448 0.016534
0 0.558284 0.606647 0.010913 0.015542
0 0.523562 0.637401 0.012897 0.013558
0 0.502108 0.499339 0.004712 0.013889
0 0.635045 0.391700 0.009673 0.012235
0 0.645957 0.467097 0.007192 0.012897
0 0.470486 0.284392 0.009921 0.013889
0 0.517981 0.436012 0.005208 0.011574
0 0.641989 0.625331 0.012649 0.016534
0 0.712922 0.607474 0.007688 0.009921
0 0.704365 0.346396 0.006448 0.008267
0 0.587674 0.587302 0.006696 0.011905
0 0.630332 0.423446 0.011657 0.012235
0 0.733259 0.430225 0.011161 0.008598
0 0.729539 0.475364 0.009177 0.018188
0 0.657986 0.633763 0.008929 0.009590
