0 0.598586 0.270999 0.015129 0.012235
0 0.596106 0.244544 0.011657 0.012235
0 0.697173 0.301753 0.007937 0.012235
0 0.695933 0.269841 0.008929 0.011243
0 0.708333 0.287202 0.010913 0.010251
0 0.674231 0.318948 0.006696 0.009590
0 0.653646 0.386905 0.007688 0.007937
0 0.661458 0.398975 0.007937 0.016204
0 0.596478 0.353009 0.008433 0.009590
0 0.565352 0.310681 0.012649 0.012235
0 0.541171 0.307870 0.007937 0.011243
0 0.544767 0.378803 0.006696 0.012897
0 0.520585 0.367890 0.010417 0.008929
0 0.483259 0.291667 0.009673 0.019180
0 0.479043 0.351687 0.007192 0.010251
0 0.518477 0.469081 0.012153 0.009590
0 0.544519 0.549438 0.009673 0.020172
0 0.549355 0.586475 0.008433 0.012235
0 0.502108 0.511739 0.006200 0.012897
0 0.676339 0.640873 0.013393 0.022487
0 0.537202 0.658234 0.010913 0.010251
0 0.458829 0.430390 0.005456 0.009590
0 0.711186 0.427249 0.009177 0.010582
0 0.750620 0.442791 0.008185 0.009259
0 0.753100 0.475860 0.016121 0.009259
0 0.732639 0.526290 0.007440 0.010913
0 0.754836 0.530919 0.012649 0.014220
0 0.724330 0.491898 0.005208 0.017526
0 0.721478 0.508763 0.007440 0.013558
0 0.714410 0.543155 0.006696 0.012235
0 0.729291 0.587798 0.009177 0.010913
0 0.691964 0.595238 0.005952 0.013228
0 0.658234 0.644841 0.004464 0.009921
0 0.674231 0.426918 0.006200 0.009921
0 0.643849 0.461475 0.008929 0.006944
