0 0.494916 0.490410 0.009673 0.026455
0 0.511533 0.397983 0.015129 0.012897
0 0.522321 0.371528 0.013889 0.019511
0 0.559524 0.630291 0.019345 0.014550
0 0.690848 0.490079 0.014633 0.011243
0 0.657242 0.558201 0.021329 0.017196
0 0.706473 0.550926 0.009673 0.015212
0 0.719866 0.593750 0.018105 0.013558
0 0.652406 0.623512 0.010169 0.012235
0 0.628224 0.599206 0.008929 0.007275
0 0.675719 0.385913 0.015625 0.014550
0 0.614955 0.416997 0.009177 0.011905
0 0.640005 0.471892 0.010665 0.017196
0 0.517485 0.456515 0.011657 0.013558
0 0.731895 0.501488 0.016865 0.012897
0 0.748884 0.442956 0.008681 0.016865
0 0.718378 0.387731 0.012649 0.016204
0 0.569196 0.354828 0.014385 0.018519
0 0.656126 0.294478 0.012649 0.016865
0 0.722222 0.292493 0.018353 0.011574
0 0.706473 0.306052 0.013145 0.012897
0 0.579737 0.311839 0.009673 0.011905
0 0.499876 0.327546 0.009673 0.012897
0 0.608011 0.271329 0.008185 0.010251
0 0.641989 0.322255 0.007192 0.010913
0 0.515377 0.302579 0.009921 0.007275
0 0.492312 0.339120 0.006448 0.012235
0 0.469370 0.300595 0.006200 0.011905
0 0.503968 0.446759 0.006944 0.011905
0 0.730903 0.465443 0.016369 0.012235
0 0.578497 0.553406 0.008185 0.016204
0 0.530506 0.540509 0.006944 0.017526
0 0.514509 0.661872 0.018601 0.015542
