0 0.588790 0.285549 0.013889 0.016865
0 0.554315 0.327216 0.013889 0.019511
0 0.537822 0.323909 0.009673 0.014220
0 0.490079 0.297784 0.010913 0.023479
0 0.537450 0.399802 0.006448 0.011243
0 0.654390 0.408896 0.008185 0.018849
0 0.687500 0.309854 0.011409 0.015212
0 0.712302 0.288029 0.013889 0.011905
0 0.751860 0.345238 0.009673 0.015212
0 0.692584 0.273148 0.014633 0.014550
0 0.724702 0.502149 0.007440 0.016204
0 0.741071 0.548942 0.010913 0.019180
0 0.751364 0.473049 0.018105 0.009590
0 0.698289 0.604167 0.006696 0.015212
0 0.676959 0.643353 0.007192 0.020833
0 0.658730 0.642857 0.008433 0.015212
0 0.648189 0.642526 0.011657 0.009921
0 0.539311 0.598214 0.009177 0.017857
0 0.549851 0.569940 0.008433 0.019511
0 0.505952 0.505787 0.007937 0.015542
0 0.514757 0.477513 0.012153 0.013889
0 0.644593 0.464120 0.008929 0.008929
0 0.675347 0.420139 0.006944 0.014220
0 0.464782 0.417989 0.005952 0.011905
0 0.518849 0.355985 0.006944 0.007606
0 0.477307 0.345899 0.007192 0.008598
0 0.715526 0.426918 0.009425 0.008598
0 0.749256 0.444775 0.009425 0.013228
