0 0.612475 0.414352 0.012153 0.010582
0 0.577505 0.386409 0.008185 0.010251
0 0.684896 0.352679 0.012153 0.010251
0 0.535838 0.421131 0.009673 0.016204
0 0.526166 0.353671 0.008681 0.013558
0 0.502852 0.330192 0.009673 0.016865
0 0.521701 0.308697 0.011657 0.008929
0 0.485987 0.504134 0.008185 0.012235
0 0.625620 0.430225 0.008185 0.012566
0 0.658854 0.614087 0.013641 0.011905
0 0.625372 0.590443 0.014633 0.012235
0 0.576265 0.637401 0.007688 0.011574
0 0.497520 0.617890 0.009921 0.016204
0 0.431300 0.454530 0.007440 0.010251
0 0.605655 0.701885 0.007440 0.010913
0 0.626736 0.547123 0.006944 0.013558
0 0.543403 0.524802 0.005952 0.009259
0 0.543899 0.458664 0.009425 0.007937
0 0.640129 0.450397 0.004960 0.011243
0 0.704737 0.378803 0.008185 0.008267
