0 0.565600 0.665179 0.010169 0.012897
0 0.594742 0.572421 0.013889 0.011905
0 0.461186 0.347884 0.006696 0.010582
0 0.460069 0.382110 0.009425 0.013558
0 0.437252 0.424438 0.008929 0.010251
0 0.510665 0.383433 0.004960 0.013558
0 0.519221 0.373843 0.007192 0.008929
0 0.410714 0.471065 0.009425 0.012897
0 0.441716 0.553241 0.007440 0.011243
0 0.503348 0.513228 0.008681 0.007937
0 0.553447 0.476687 0.006200 0.014881
0 0.559400 0.474372 0.005704 0.017526
0 0.468626 0.630622 0.015129 0.007937
0 0.706597 0.589782 0.012401 0.011574
0 0.679688 0.512401 0.009673 0.007606
0 0.603671 0.400298 0.006448 0.008267
0 0.626364 0.432540 0.009673 0.008598
0 0.643105 0.460483 0.006944 0.009590
0 0.661706 0.295139 0.007440 0.016865
0 0.508929 0.684028 0.008433 0.008929
0 0.520337 0.653770 0.006448 0.014550
0 0.557912 0.592593 0.006696 0.013228
0 0.574405 0.663360 0.006944 0.010582
0 0.533606 0.377315 0.007192 0.007275
0 0.559772 0.385417 0.009425 0.008929
0 0.694692 0.334987 0.006448 0.012566
0 0.727927 0.395503 0.007440 0.009259
0 0.544891 0.480159 0.004464 0.007937
0 0.646453 0.710979 0.006696 0.013228
