0 0.456721 0.347388 0.006696 0.010251
0 0.462302 0.376323 0.008433 0.015873
0 0.511409 0.377646 0.004960 0.015212
0 0.518601 0.375331 0.005952 0.009921
0 0.437128 0.430060 0.007192 0.010913
0 0.410466 0.470569 0.009425 0.011905
0 0.661830 0.301257 0.006696 0.016534
0 0.602927 0.406581 0.004464 0.006944
0 0.556424 0.465774 0.007688 0.020833
0 0.628348 0.438823 0.006696 0.009259
0 0.637649 0.461475 0.006448 0.009590
0 0.673363 0.517692 0.010913 0.010251
0 0.703621 0.592758 0.011905 0.011574
0 0.711310 0.601687 0.006944 0.009590
0 0.606647 0.581515 0.010417 0.010913
0 0.567584 0.664683 0.007192 0.017196
0 0.477927 0.632110 0.015873 0.010251
0 0.472842 0.635913 0.007192 0.005952
0 0.520957 0.659888 0.004712 0.012235
0 0.503348 0.518188 0.008681 0.011905
0 0.447297 0.552249 0.008185 0.011905
0 0.557044 0.588294 0.005456 0.013228
0 0.532242 0.379134 0.007440 0.008267
0 0.562500 0.387566 0.007440 0.009921
0 0.546999 0.481978 0.004712 0.003638
0 0.694940 0.339616 0.007937 0.011243
0 0.731523 0.406085 0.005704 0.009921
