0 0.474330 0.623347 0.008185 0.006614
0 0.511409 0.674769 0.006448 0.010913
0 0.522941 0.647487 0.004712 0.012566
0 0.436632 0.552579 0.006200 0.010582
0 0.411458 0.469577 0.010417 0.008598
0 0.437996 0.419974 0.008929 0.011243
0 0.458581 0.381944 0.006944 0.007275
0 0.463666 0.343585 0.007192 0.009259
0 0.509301 0.388393 0.005704 0.013558
0 0.520213 0.370536 0.008185 0.006944
0 0.533358 0.376323 0.006200 0.007275
0 0.558160 0.381118 0.007192 0.006944
0 0.601687 0.388393 0.006448 0.009590
0 0.623512 0.426753 0.007440 0.006944
0 0.503968 0.508598 0.008433 0.007275
0 0.542163 0.479663 0.005456 0.004960
0 0.553199 0.490245 0.005208 0.013558
0 0.559524 0.479663 0.004960 0.011574
0 0.564484 0.663690 0.006944 0.009259
0 0.577753 0.654101 0.008185 0.008598
0 0.555184 0.597884 0.007192 0.009921
0 0.695685 0.322421 0.005456 0.007937
0 0.725570 0.383433 0.006200 0.006283
0 0.579737 0.558036 0.013145 0.010251
0 0.647445 0.458003 0.007192 0.013228
0 0.686136 0.507110 0.010665 0.010251
0 0.652530 0.705026 0.006448 0.014550
0 0.699529 0.584325 0.007192 0.008598
0 0.712798 0.587302 0.009425 0.009259
0 0.459697 0.630456 0.011657 0.008929
