0 0.517733 0.336475 0.008185 0.011574
0 0.675471 0.327216 0.008681 0.018849
0 0.696553 0.401620 0.009177 0.012235
0 0.688616 0.427579 0.010665 0.009921
0 0.661830 0.447421 0.005704 0.009259
0 0.657614 0.467097 0.013145 0.016204
0 0.610491 0.439319 0.009177 0.012235
0 0.619296 0.462963 0.010417 0.009259
0 0.714410 0.561177 0.007688 0.019841
0 0.630828 0.554067 0.009673 0.017526
0 0.562376 0.505456 0.007192 0.012235
0 0.493800 0.497685 0.007440 0.023810
0 0.521577 0.431548 0.008433 0.012566
0 0.526662 0.376653 0.005704 0.009259
0 0.541791 0.392030 0.007688 0.012235
0 0.580109 0.358631 0.005952 0.016865
0 0.489459 0.382606 0.007192 0.009259
0 0.442832 0.463955 0.007192 0.011243
0 0.515749 0.549603 0.007192 0.008598
0 0.543279 0.592427 0.011657 0.016204
0 0.573041 0.677910 0.008185 0.008598
0 0.556052 0.704530 0.005456 0.010913
0 0.468130 0.676587 0.008185 0.011243
0 0.491939 0.642196 0.007192 0.009921
0 0.433780 0.615575 0.007937 0.013558
0 0.487723 0.691799 0.008681 0.009259
0 0.413566 0.515212 0.006200 0.009921
0 0.492188 0.307705 0.008681 0.009590
