0 0.671751 0.370205 0.007688 0.016865
0 0.729167 0.415509 0.009921 0.012897
0 0.680184 0.433036 0.007688 0.010251
0 0.549231 0.401786 0.007688 0.011905
0 0.524802 0.418155 0.006944 0.017526
0 0.512277 0.428571 0.007688 0.006614
0 0.611235 0.463955 0.007192 0.009259
0 0.657242 0.482639 0.008929 0.010913
0 0.746652 0.526124 0.006696 0.017196
0 0.612227 0.549438 0.006200 0.010913
0 0.618552 0.480820 0.006448 0.011243
0 0.527406 0.368386 0.007688 0.007937
0 0.588542 0.384590 0.007937 0.007937
0 0.573537 0.525298 0.006696 0.016865
0 0.497520 0.430556 0.006448 0.007937
0 0.500620 0.340774 0.006696 0.012235
0 0.567584 0.600364 0.008681 0.009590
0 0.538566 0.621197 0.010665 0.010251
0 0.614707 0.676091 0.011161 0.008267
0 0.557912 0.657903 0.006696 0.010251
0 0.574157 0.705688 0.005456 0.008598
0 0.455977 0.598049 0.005704 0.009590
0 0.421999 0.575397 0.007688 0.009259
0 0.665055 0.476025 0.006696 0.010913
0 0.517113 0.715278 0.008929 0.014550
