0 0.518849 0.342923 0.005456 0.011243
0 0.489583 0.367063 0.006944 0.009259
0 0.524926 0.367890 0.005208 0.007606
0 0.689360 0.401124 0.009673 0.007937
0 0.647445 0.441468 0.016121 0.009259
0 0.612971 0.433036 0.008185 0.008929
0 0.523686 0.424603 0.009177 0.015212
0 0.454117 0.467262 0.005952 0.006614
0 0.487599 0.523479 0.007937 0.011905
0 0.623140 0.461310 0.008681 0.009921
0 0.709697 0.578042 0.010665 0.018519
0 0.629588 0.554233 0.008185 0.016534
0 0.540551 0.555721 0.007192 0.013558
0 0.576637 0.668651 0.011409 0.013889
0 0.552331 0.591104 0.019345 0.012897
0 0.509797 0.542659 0.009177 0.014550
0 0.561632 0.498347 0.005704 0.008598
0 0.489955 0.623843 0.006200 0.008929
0 0.458085 0.662368 0.006944 0.011243
0 0.481523 0.669478 0.008681 0.010913
0 0.414062 0.496693 0.008185 0.010582
0 0.585813 0.381779 0.006944 0.014220
0 0.664062 0.439319 0.008185 0.009590
0 0.695561 0.424107 0.005208 0.007606
