0 0.588666 0.385251 0.009673 0.007937
0 0.684524 0.369874 0.011409 0.012897
0 0.638517 0.458664 0.006696 0.014550
0 0.624876 0.549272 0.007192 0.011905
0 0.603671 0.580026 0.015873 0.015212
0 0.672619 0.609788 0.016865 0.011905
0 0.477927 0.492560 0.010913 0.020833
0 0.523313 0.355655 0.004960 0.014881
0 0.525422 0.330357 0.005208 0.012566
0 0.496280 0.336144 0.011409 0.014881
0 0.425967 0.464947 0.006696 0.009259
0 0.531374 0.421462 0.009177 0.022156
0 0.539062 0.533565 0.009177 0.007606
0 0.542039 0.486938 0.006200 0.015542
0 0.575893 0.639385 0.010913 0.012897
0 0.586806 0.694775 0.008433 0.014550
0 0.493676 0.610780 0.007192 0.018519
0 0.447297 0.616567 0.011657 0.012897
0 0.467634 0.617394 0.006200 0.011243
0 0.538442 0.682540 0.008433 0.007275
0 0.620040 0.417824 0.014385 0.010251
0 0.621652 0.431217 0.006696 0.011243
