0 0.671131 0.368882 0.007937 0.018188
0 0.728175 0.411706 0.008433 0.011243
0 0.739707 0.520668 0.006696 0.019511
0 0.648562 0.481647 0.009425 0.012897
0 0.607391 0.467262 0.006448 0.011243
0 0.611483 0.478836 0.006200 0.013228
0 0.545387 0.401620 0.006448 0.013558
0 0.523313 0.409888 0.008433 0.016865
0 0.604167 0.550099 0.008433 0.014220
0 0.615575 0.669147 0.011409 0.009590
0 0.568576 0.601687 0.009673 0.008929
0 0.540179 0.616237 0.005952 0.013558
0 0.554439 0.658234 0.006696 0.010251
0 0.506076 0.429233 0.009177 0.013889
0 0.665179 0.476852 0.005456 0.010582
0 0.519717 0.364418 0.007688 0.007937
0 0.495288 0.336144 0.004464 0.006283
0 0.495784 0.344246 0.004464 0.006614
0 0.492436 0.436839 0.006200 0.007275
0 0.588914 0.382937 0.008681 0.009921
0 0.683408 0.429398 0.007688 0.012235
0 0.570437 0.537533 0.007937 0.011574
0 0.453993 0.592923 0.006200 0.011243
0 0.419767 0.581845 0.009673 0.010913
0 0.567708 0.706349 0.005456 0.007937
0 0.559896 0.703373 0.005208 0.011243
