0 0.494296 0.626819 0.007937 0.008267
0 0.562624 0.630126 0.008185 0.010251
0 0.541915 0.610946 0.005456 0.010913
0 0.538442 0.432044 0.007937 0.014881
0 0.547867 0.430060 0.005456 0.006944
0 0.630208 0.521495 0.011409 0.009921
0 0.633433 0.603671 0.010913 0.009590
0 0.661458 0.583499 0.011905 0.010913
0 0.717262 0.630952 0.011409 0.010582
0 0.613095 0.703704 0.007440 0.009921
0 0.566096 0.699239 0.009177 0.008267
0 0.518229 0.696925 0.006200 0.008267
0 0.505084 0.342097 0.007688 0.013558
0 0.513641 0.355159 0.006448 0.008598
0 0.670635 0.321429 0.006944 0.011905
0 0.603919 0.407573 0.005456 0.008267
0 0.626984 0.436839 0.006448 0.014550
0 0.630456 0.431217 0.004464 0.008598
0 0.471974 0.519511 0.007440 0.010582
0 0.492188 0.509425 0.007688 0.014881
0 0.477059 0.659392 0.006696 0.009921
0 0.428695 0.440642 0.009177 0.008929
0 0.553199 0.482474 0.005704 0.007275
0 0.530010 0.384259 0.005952 0.005291
0 0.569320 0.384755 0.005704 0.007606
0 0.700521 0.368221 0.007688 0.009590
0 0.740451 0.447586 0.006200 0.010251
