0 0.523189 0.348545 0.008681 0.013889
0 0.523065 0.366402 0.005456 0.010582
0 0.586930 0.388724 0.011657 0.014881
0 0.523189 0.425761 0.011657 0.017526
0 0.614707 0.433036 0.008681 0.011574
0 0.685144 0.399967 0.009673 0.010251
0 0.670139 0.444775 0.006944 0.020503
0 0.642981 0.437004 0.015625 0.011574
0 0.702753 0.588128 0.011657 0.019511
0 0.625868 0.554398 0.007688 0.015542
0 0.558036 0.592427 0.021825 0.014881
0 0.513021 0.547288 0.013641 0.011905
0 0.476066 0.541501 0.008681 0.014220
0 0.540551 0.544974 0.006200 0.015212
0 0.455977 0.471396 0.007192 0.010251
0 0.625620 0.466270 0.009177 0.009259
0 0.575273 0.661872 0.009177 0.015542
0 0.489583 0.619048 0.006944 0.007275
0 0.479167 0.661045 0.008929 0.008598
0 0.547247 0.726687 0.008681 0.009590
0 0.562624 0.502811 0.006200 0.010913
0 0.489087 0.362765 0.006944 0.015212
0 0.415675 0.492890 0.007440 0.007606
