0 0.588294 0.384425 0.010913 0.010251
0 0.528274 0.417163 0.008433 0.017526
0 0.521205 0.354167 0.007192 0.011243
0 0.524678 0.336310 0.005704 0.009259
0 0.491691 0.333995 0.009177 0.012566
0 0.468254 0.482474 0.007440 0.027778
0 0.681548 0.372851 0.012897 0.009590
0 0.624380 0.417163 0.017113 0.010913
0 0.617560 0.426753 0.009425 0.008929
0 0.588666 0.572421 0.019097 0.013228
0 0.621900 0.544478 0.006696 0.011574
0 0.678323 0.602679 0.014881 0.016204
0 0.573785 0.636905 0.011657 0.011905
0 0.573785 0.693452 0.010169 0.013889
0 0.455605 0.595403 0.011409 0.012897
0 0.531002 0.533069 0.009921 0.009921
0 0.540055 0.490741 0.005704 0.009921
0 0.420759 0.467593 0.006200 0.006614
0 0.634549 0.457011 0.007688 0.011905
0 0.697049 0.404101 0.006696 0.012566
0 0.488839 0.605159 0.006944 0.012566
0 0.467386 0.626323 0.005208 0.007275
0 0.541419 0.386409 0.006944 0.008929
0 0.534722 0.689649 0.005456 0.008267
