0 0.483755 0.496032 0.006696 0.013889
0 0.426587 0.456680 0.006944 0.009921
0 0.535590 0.421131 0.007688 0.016865
0 0.618428 0.415013 0.014633 0.008598
0 0.624132 0.428571 0.007192 0.012566
0 0.640005 0.452546 0.006200 0.010913
0 0.626736 0.546958 0.006944 0.007937
0 0.616071 0.584160 0.016369 0.014881
0 0.664311 0.612269 0.013641 0.010913
0 0.544147 0.526786 0.005952 0.007275
0 0.544767 0.470734 0.005208 0.008929
0 0.495288 0.612599 0.006448 0.016204
0 0.577133 0.636905 0.008433 0.012566
0 0.685640 0.362103 0.010665 0.009259
0 0.525050 0.352348 0.007440 0.011574
0 0.499132 0.329530 0.008185 0.012235
0 0.522445 0.313823 0.010169 0.009259
0 0.597842 0.698578 0.007192 0.016204
0 0.701017 0.389220 0.005704 0.011243
