0 0.606523 0.440476 0.010169 0.011905
0 0.519097 0.427083 0.010913 0.014881
0 0.487847 0.383433 0.006944 0.010913
0 0.526042 0.376819 0.008433 0.010251
0 0.519345 0.332011 0.007440 0.010582
0 0.577753 0.346396 0.006200 0.012235
0 0.698413 0.396164 0.006944 0.012566
0 0.683408 0.428241 0.009177 0.007937
0 0.661582 0.479001 0.010169 0.010913
0 0.717386 0.549272 0.006696 0.018519
0 0.625868 0.551587 0.010665 0.015212
0 0.539062 0.595899 0.008681 0.008598
0 0.544147 0.601687 0.006448 0.008929
0 0.519965 0.558532 0.005208 0.009921
0 0.491443 0.482143 0.005208 0.020503
0 0.433780 0.608135 0.007937 0.012566
0 0.434152 0.458829 0.007688 0.007606
0 0.492684 0.648313 0.006696 0.010251
0 0.570188 0.676918 0.006448 0.009259
0 0.473338 0.681382 0.008185 0.011574
0 0.413070 0.520999 0.008185 0.009590
0 0.561880 0.505787 0.006200 0.011574
0 0.615699 0.463955 0.010665 0.009921
0 0.668527 0.331184 0.008185 0.012235
0 0.490699 0.310516 0.008681 0.007937
0 0.560144 0.695767 0.006696 0.006614
0 0.491567 0.694279 0.009921 0.006944
0 0.538938 0.383267 0.006944 0.009259
