0 0.450769 0.342097 0.005704 0.010251
0 0.464162 0.365741 0.004712 0.013889
0 0.509177 0.365245 0.005456 0.010913
0 0.514633 0.372520 0.005952 0.008267
0 0.603423 0.410053 0.005952 0.008598
0 0.663814 0.315146 0.007688 0.014550
0 0.618676 0.599372 0.008185 0.014220
0 0.690476 0.591104 0.009425 0.010251
0 0.632937 0.442956 0.007937 0.009590
0 0.629836 0.456515 0.006200 0.011574
0 0.655134 0.521825 0.011657 0.007275
0 0.546875 0.456019 0.006944 0.016534
0 0.548115 0.448909 0.004960 0.010251
0 0.434152 0.438823 0.009673 0.009921
0 0.404886 0.469577 0.010169 0.011243
0 0.456473 0.542163 0.008681 0.010913
0 0.499504 0.522983 0.009425 0.010913
0 0.565848 0.651786 0.007192 0.013889
0 0.567336 0.691634 0.009177 0.008929
0 0.519593 0.681052 0.007440 0.010913
0 0.550099 0.486442 0.005952 0.008598
0 0.551339 0.583499 0.006944 0.006944
0 0.487971 0.637897 0.003720 0.006614
0 0.472594 0.650794 0.004216 0.005291
0 0.527406 0.386739 0.005208 0.011574
0 0.564732 0.389054 0.004960 0.008929
0 0.692460 0.356812 0.006944 0.013228
0 0.734251 0.425430 0.006696 0.008267
0 0.717882 0.618552 0.009673 0.010913
