0 0.568700 0.629630 0.005456 0.009259
0 0.497892 0.620040 0.006696 0.010582
0 0.530630 0.508598 0.010169 0.007275
0 0.536334 0.423942 0.007688 0.012566
0 0.606771 0.411376 0.008681 0.009259
0 0.625992 0.430556 0.006944 0.010582
0 0.635417 0.438823 0.005456 0.010582
0 0.547371 0.444114 0.009425 0.009921
0 0.621900 0.537864 0.006200 0.014881
0 0.643229 0.585979 0.011161 0.009259
0 0.647321 0.606151 0.009425 0.008598
0 0.611979 0.700728 0.005704 0.011905
0 0.680432 0.334491 0.009673 0.008267
0 0.503720 0.328704 0.006448 0.013889
0 0.518725 0.350364 0.006200 0.012235
0 0.485243 0.509425 0.006696 0.010251
0 0.430556 0.444114 0.006448 0.008598
0 0.540551 0.636409 0.005704 0.012235
0 0.533978 0.386409 0.006448 0.006944
0 0.573413 0.387401 0.007937 0.011574
0 0.453001 0.568122 0.009177 0.007275
0 0.485243 0.665179 0.007192 0.010251
0 0.571057 0.701389 0.007688 0.007275
0 0.723462 0.638889 0.011905 0.008598
0 0.707961 0.376323 0.006200 0.007275
0 0.741319 0.454696 0.006944 0.009259
0 0.556672 0.480159 0.004712 0.004630
0 0.509053 0.301918 0.007688 0.005952
