0 0.447297 0.340278 0.007688 0.009259
0 0.459697 0.358466 0.007688 0.013228
0 0.507068 0.357970 0.005704 0.012897
0 0.512153 0.368552 0.006448 0.010913
0 0.432168 0.440642 0.008185 0.008267
0 0.461558 0.533896 0.008433 0.010913
0 0.494544 0.521495 0.007937 0.011905
0 0.471974 0.653274 0.005456 0.008267
0 0.488839 0.635417 0.006448 0.006944
0 0.517609 0.685847 0.004464 0.009259
0 0.564732 0.695437 0.006944 0.006614
0 0.543899 0.444610 0.008433 0.016204
0 0.526166 0.389220 0.004712 0.008598
0 0.565352 0.389716 0.005704 0.009590
0 0.603051 0.409888 0.005704 0.008929
0 0.628596 0.450728 0.006200 0.012566
0 0.634673 0.439319 0.005952 0.010913
0 0.546999 0.590774 0.006696 0.008267
0 0.619048 0.712302 0.006448 0.011243
0 0.561756 0.640212 0.005456 0.009259
0 0.622148 0.601687 0.010665 0.010913
0 0.682416 0.588790 0.010665 0.010251
0 0.716146 0.623347 0.010169 0.007937
0 0.644717 0.522321 0.011657 0.008267
0 0.665303 0.318618 0.007688 0.014220
0 0.549603 0.483962 0.005952 0.006944
0 0.693452 0.362434 0.006944 0.009259
0 0.734499 0.438492 0.005704 0.011905
