0 0.613219 0.439649 0.010665 0.014220
0 0.692336 0.427083 0.012153 0.010913
0 0.695561 0.404266 0.010169 0.012235
0 0.581225 0.360284 0.009673 0.014881
0 0.539807 0.393353 0.005704 0.009590
0 0.526662 0.374173 0.007688 0.008929
0 0.516245 0.342427 0.006200 0.015542
0 0.491195 0.378307 0.006696 0.012566
0 0.522445 0.429729 0.011161 0.016204
0 0.494792 0.511739 0.009425 0.015542
0 0.512029 0.545635 0.006696 0.009921
0 0.542287 0.577216 0.005704 0.015542
0 0.548487 0.593419 0.013641 0.012897
0 0.630084 0.556713 0.009177 0.017526
0 0.713914 0.571263 0.009673 0.018188
0 0.654638 0.456184 0.015625 0.012235
0 0.659598 0.442956 0.013145 0.010251
0 0.622148 0.465443 0.011161 0.011574
0 0.563864 0.509094 0.006200 0.011574
0 0.576513 0.674107 0.010169 0.009590
0 0.493552 0.632440 0.006944 0.010913
0 0.465898 0.668485 0.006696 0.010251
0 0.487723 0.676587 0.007688 0.008598
0 0.433284 0.619213 0.007937 0.012897
0 0.449529 0.467262 0.006200 0.007275
0 0.414311 0.507110 0.005208 0.006283
0 0.679936 0.320271 0.010665 0.023479
0 0.492063 0.306548 0.008929 0.008598
0 0.507564 0.703704 0.007192 0.011243
0 0.551587 0.700066 0.008433 0.010582
