0 0.547743 0.394841 0.009177 0.011905
0 0.613219 0.459160 0.010665 0.011574
0 0.678695 0.431382 0.008185 0.014881
0 0.730159 0.409226 0.009425 0.016865
0 0.671751 0.363261 0.009177 0.015542
0 0.663070 0.483962 0.006200 0.010913
0 0.664559 0.474372 0.006200 0.012235
0 0.614955 0.542659 0.006200 0.009259
0 0.620536 0.481647 0.007937 0.012897
0 0.752356 0.523975 0.004712 0.015542
0 0.559772 0.593254 0.007937 0.006614
0 0.534598 0.616567 0.010169 0.007606
0 0.557044 0.649636 0.006448 0.010251
0 0.577009 0.698578 0.005208 0.008267
0 0.454737 0.595238 0.005704 0.010582
0 0.513269 0.702546 0.007192 0.012235
0 0.420883 0.563823 0.007440 0.008598
0 0.568700 0.521495 0.006944 0.010582
0 0.514137 0.423280 0.009425 0.009259
0 0.521825 0.419643 0.009425 0.020503
0 0.495908 0.420470 0.006696 0.008929
0 0.584573 0.373347 0.008433 0.010582
0 0.528646 0.362269 0.007688 0.006944
0 0.498016 0.333499 0.007440 0.012897
0 0.407366 0.456019 0.009177 0.008598
0 0.607143 0.682705 0.010417 0.008929
