0 0.661830 0.328373 0.012153 0.011905
0 0.700521 0.388889 0.009673 0.013889
0 0.722222 0.532077 0.008433 0.022487
0 0.621776 0.541667 0.010913 0.017857
0 0.612475 0.456515 0.011657 0.008929
0 0.605283 0.434028 0.010169 0.012235
0 0.676959 0.426422 0.009673 0.009590
0 0.568576 0.671792 0.005704 0.010913
0 0.491567 0.649140 0.006944 0.010582
0 0.536458 0.592262 0.013889 0.009921
0 0.543775 0.607143 0.005704 0.009259
0 0.518973 0.564484 0.008185 0.009921
0 0.432292 0.595899 0.008929 0.011905
0 0.411210 0.520337 0.005456 0.008267
0 0.425347 0.449074 0.006944 0.009921
0 0.489707 0.459491 0.006696 0.022817
0 0.661334 0.478009 0.014633 0.008267
0 0.526662 0.376157 0.008185 0.008929
0 0.515129 0.419312 0.009425 0.013228
0 0.485367 0.385086 0.006944 0.007606
0 0.485615 0.313823 0.006448 0.009259
0 0.561260 0.498677 0.007440 0.007937
0 0.473338 0.684358 0.008185 0.014881
0 0.564608 0.695437 0.006696 0.005952
