0 0.466394 0.526290 0.010665 0.010913
0 0.492932 0.516700 0.007688 0.012897
0 0.491815 0.631118 0.007440 0.006944
0 0.544395 0.598380 0.007440 0.010913
0 0.560888 0.633433 0.006200 0.008267
0 0.474950 0.656581 0.005456 0.008267
0 0.518477 0.690146 0.005208 0.009259
0 0.563120 0.696925 0.006200 0.006283
0 0.614707 0.707507 0.007192 0.011574
0 0.627108 0.601687 0.011161 0.008267
0 0.671007 0.584987 0.011161 0.009259
0 0.718502 0.628638 0.009921 0.007937
0 0.636037 0.522487 0.012153 0.009259
0 0.541171 0.440642 0.007440 0.016204
0 0.545263 0.435351 0.004216 0.007606
0 0.603795 0.411376 0.007192 0.009259
0 0.627232 0.445437 0.006944 0.011905
0 0.633309 0.435351 0.006200 0.010251
0 0.668651 0.317626 0.008433 0.012235
0 0.504092 0.349372 0.005208 0.014220
0 0.511781 0.363261 0.006200 0.008929
0 0.429191 0.441138 0.007688 0.009921
0 0.449405 0.348876 0.006448 0.008598
0 0.699033 0.366402 0.006200 0.009921
0 0.739335 0.443618 0.006944 0.009590
0 0.527654 0.392526 0.005704 0.006614
0 0.566716 0.389716 0.007937 0.007606
0 0.550843 0.486772 0.005952 0.007275
