0 0.656994 0.325231 0.011905 0.010913
0 0.707093 0.382440 0.009921 0.014220
0 0.732143 0.518022 0.008433 0.022156
0 0.676711 0.424769 0.010169 0.010251
0 0.604787 0.430556 0.011161 0.011905
0 0.532614 0.369874 0.013641 0.010913
0 0.515749 0.409888 0.010169 0.012897
0 0.494296 0.436673 0.008433 0.020172
0 0.513765 0.324570 0.008185 0.009590
0 0.487971 0.380622 0.007192 0.009259
0 0.419023 0.438988 0.007192 0.008929
0 0.617932 0.528770 0.013145 0.021164
0 0.612227 0.454200 0.011657 0.008267
0 0.521577 0.570933 0.006448 0.010913
0 0.537574 0.587136 0.013145 0.009590
0 0.664311 0.474537 0.011161 0.007937
0 0.546875 0.610780 0.006448 0.009259
0 0.568452 0.665840 0.005952 0.010251
0 0.571925 0.693783 0.008929 0.007937
0 0.492188 0.653604 0.007688 0.011574
0 0.433284 0.583168 0.006944 0.010913
0 0.412326 0.524636 0.006696 0.010251
0 0.562500 0.497685 0.007440 0.009259
0 0.485119 0.309028 0.005456 0.007606
