0 0.510293 0.411541 0.010169 0.016204
0 0.517733 0.402116 0.009673 0.011243
0 0.542287 0.371858 0.008681 0.013558
0 0.579365 0.344411 0.011905 0.010913
0 0.659846 0.332011 0.008681 0.013228
0 0.720238 0.386409 0.009921 0.015542
0 0.748760 0.505622 0.006448 0.014550
0 0.665179 0.468750 0.009425 0.010251
0 0.618180 0.521164 0.007192 0.013228
0 0.567336 0.497354 0.006696 0.010582
0 0.619172 0.455522 0.008681 0.007606
0 0.609995 0.432044 0.012153 0.012235
0 0.546999 0.578373 0.009673 0.007937
0 0.555308 0.620701 0.005952 0.009259
0 0.532366 0.588624 0.008185 0.014550
0 0.444940 0.574901 0.007440 0.009590
0 0.418899 0.531415 0.007440 0.011905
0 0.413814 0.433862 0.008681 0.008598
0 0.494172 0.386739 0.007192 0.008929
0 0.506324 0.325562 0.013145 0.010913
0 0.535838 0.355985 0.007688 0.007606
0 0.503100 0.665509 0.007192 0.013558
0 0.574281 0.669147 0.007688 0.012897
0 0.591642 0.682705 0.008185 0.010251
