0 0.603175 0.410880 0.005456 0.006944
0 0.536582 0.426257 0.006696 0.012566
0 0.548859 0.435847 0.005952 0.005952
0 0.496652 0.621528 0.006200 0.010251
0 0.564732 0.626819 0.004960 0.008267
0 0.612599 0.701224 0.007440 0.010913
0 0.640129 0.603671 0.011409 0.008929
0 0.651166 0.582011 0.009177 0.007937
0 0.721106 0.635417 0.012153 0.006944
0 0.621776 0.526290 0.010913 0.014220
0 0.624752 0.435351 0.005456 0.009590
0 0.629340 0.437831 0.004216 0.009921
0 0.676587 0.322421 0.008433 0.009921
0 0.503844 0.333003 0.005208 0.015212
0 0.515129 0.350860 0.006448 0.011243
0 0.429812 0.440146 0.007937 0.008598
0 0.479539 0.513228 0.007688 0.009259
0 0.499628 0.497851 0.007192 0.009590
0 0.541543 0.619544 0.005704 0.013558
0 0.530134 0.387235 0.006696 0.006614
0 0.568452 0.389550 0.006944 0.010582
0 0.557044 0.479167 0.006448 0.006614
0 0.708953 0.369709 0.007688 0.009259
0 0.742063 0.448578 0.005456 0.010913
0 0.480779 0.660218 0.006696 0.009590
0 0.516121 0.703373 0.007440 0.009921
0 0.566592 0.700231 0.007688 0.008267
0 0.418403 0.528770 0.008433 0.005952
