0 0.607639 0.432044 0.012401 0.014881
0 0.616195 0.454200 0.009177 0.008267
0 0.501240 0.421462 0.009921 0.019511
0 0.516121 0.404597 0.010417 0.012897
0 0.534350 0.368221 0.010169 0.018188
0 0.579117 0.340112 0.007440 0.011574
0 0.713666 0.383433 0.009177 0.016865
0 0.655258 0.327216 0.009425 0.012897
0 0.618800 0.522983 0.009425 0.014881
0 0.527654 0.581184 0.005704 0.013558
0 0.665799 0.472388 0.008681 0.010251
0 0.507564 0.326720 0.010169 0.007937
0 0.488963 0.382937 0.005704 0.009259
0 0.415799 0.434358 0.008681 0.008267
0 0.437500 0.576389 0.006448 0.010582
0 0.415551 0.525298 0.006200 0.016204
0 0.551959 0.618221 0.006200 0.009590
0 0.570437 0.665179 0.005952 0.009590
0 0.497892 0.656581 0.006696 0.008929
0 0.739955 0.508433 0.009673 0.019511
0 0.675967 0.426753 0.008185 0.010913
0 0.539807 0.583003 0.007688 0.007937
0 0.565724 0.498347 0.006944 0.010582
0 0.581473 0.686673 0.011161 0.008929
