0 0.454613 0.345073 0.008433 0.005622
0 0.464038 0.372354 0.004960 0.014550
0 0.511781 0.373347 0.005704 0.012566
0 0.518725 0.376323 0.007192 0.009259
0 0.452505 0.548942 0.010665 0.011905
0 0.501860 0.521825 0.008681 0.008598
0 0.484747 0.638228 0.006696 0.012566
0 0.568080 0.659888 0.005208 0.014881
0 0.571305 0.685351 0.009673 0.008267
0 0.520337 0.673776 0.005456 0.011574
0 0.551463 0.464782 0.007192 0.017526
0 0.552331 0.456019 0.005456 0.011905
0 0.604539 0.409888 0.007192 0.008929
0 0.632068 0.443618 0.007192 0.005622
0 0.635417 0.461310 0.007937 0.011243
0 0.665303 0.520999 0.010665 0.008929
0 0.614335 0.594577 0.008929 0.013889
0 0.697049 0.593585 0.008185 0.009921
0 0.712922 0.609954 0.007192 0.008929
0 0.555928 0.583499 0.004712 0.010251
0 0.662822 0.311839 0.006696 0.013228
0 0.409350 0.474372 0.008681 0.014220
0 0.434524 0.436343 0.006448 0.010251
0 0.565104 0.388228 0.006696 0.009921
0 0.471478 0.646164 0.006448 0.009259
0 0.548487 0.486111 0.006696 0.006614
0 0.531498 0.384921 0.006944 0.007275
0 0.691840 0.351190 0.007192 0.011243
0 0.732019 0.418981 0.007192 0.011243
