0 0.666543 0.346892 0.007192 0.013889
0 0.725570 0.395503 0.009673 0.016534
0 0.612475 0.441634 0.010169 0.012235
0 0.675223 0.421958 0.006696 0.011905
0 0.546131 0.379134 0.010913 0.014220
0 0.517485 0.412698 0.013145 0.015873
0 0.499752 0.324735 0.012401 0.017857
0 0.496776 0.399802 0.005952 0.008598
0 0.619172 0.530093 0.007688 0.009259
0 0.621776 0.465774 0.013393 0.012897
0 0.664807 0.471892 0.009177 0.019180
0 0.751736 0.514716 0.006448 0.015542
0 0.553199 0.583499 0.007688 0.009590
0 0.532490 0.605159 0.012897 0.013228
0 0.556796 0.635417 0.007937 0.010913
0 0.450769 0.583003 0.007192 0.010582
0 0.419271 0.544478 0.007192 0.010251
0 0.576017 0.680556 0.006696 0.009259
0 0.507440 0.680556 0.006944 0.011243
0 0.411210 0.443618 0.009425 0.010251
0 0.596602 0.676918 0.011657 0.007937
