0 0.590650 0.388393 0.010169 0.014220
0 0.682540 0.392361 0.010417 0.012897
0 0.635045 0.430886 0.016617 0.008598
0 0.672495 0.455192 0.008681 0.012897
0 0.692832 0.592427 0.013145 0.016204
0 0.628100 0.464782 0.009177 0.012897
0 0.615451 0.433036 0.009177 0.010251
0 0.523934 0.420470 0.011161 0.017526
0 0.519593 0.543981 0.014881 0.009259
0 0.541791 0.527282 0.004712 0.015542
0 0.566840 0.584491 0.017113 0.010913
0 0.573537 0.653935 0.008185 0.020172
0 0.467386 0.561839 0.007688 0.022487
0 0.457341 0.472718 0.007440 0.014220
0 0.521329 0.362103 0.006944 0.008598
0 0.488963 0.353009 0.008185 0.009590
0 0.526662 0.347553 0.006696 0.010582
0 0.623388 0.549769 0.007688 0.012897
0 0.416791 0.482970 0.007688 0.007606
0 0.565848 0.500661 0.006696 0.009259
0 0.702877 0.421462 0.008433 0.008929
0 0.554936 0.710979 0.007688 0.007937
0 0.488591 0.613095 0.007440 0.009921
0 0.477803 0.650463 0.005208 0.007937
0 0.535714 0.711640 0.010913 0.011243
0 0.546503 0.716104 0.007688 0.008929
