0 0.538194 0.425430 0.010913 0.016865
0 0.609375 0.416005 0.009425 0.009921
0 0.627108 0.433532 0.011161 0.012566
0 0.637525 0.447586 0.006200 0.010251
0 0.625372 0.546131 0.007688 0.014881
0 0.638517 0.591766 0.019593 0.013558
0 0.653770 0.612599 0.010913 0.008267
0 0.573909 0.636078 0.006448 0.010913
0 0.498760 0.622189 0.010913 0.013558
0 0.488839 0.508929 0.006448 0.009259
0 0.431300 0.450397 0.005952 0.009259
0 0.547991 0.455357 0.007688 0.007275
0 0.575397 0.390542 0.008929 0.010582
0 0.609747 0.703869 0.007688 0.009590
0 0.540551 0.651124 0.006200 0.019180
0 0.524430 0.353340 0.008681 0.010913
0 0.504216 0.329200 0.008433 0.014220
0 0.516493 0.307044 0.010665 0.007606
0 0.542411 0.518188 0.009425 0.008598
0 0.571925 0.710317 0.007937 0.007275
0 0.684896 0.346561 0.010665 0.009921
