0 0.488591 0.341435 0.007440 0.012897
0 0.520337 0.355489 0.005952 0.009259
0 0.526414 0.342427 0.006696 0.006944
0 0.525422 0.416501 0.009177 0.014881
0 0.587302 0.383598 0.013889 0.014550
0 0.616071 0.427083 0.007937 0.008267
0 0.629216 0.420304 0.013393 0.009921
0 0.563988 0.494213 0.006944 0.006283
0 0.539187 0.505787 0.005952 0.010251
0 0.462178 0.474868 0.006200 0.016534
0 0.419395 0.472388 0.007440 0.008929
0 0.681548 0.379960 0.011905 0.009259
0 0.700521 0.411706 0.008185 0.011905
0 0.711186 0.465939 0.013145 0.009921
0 0.631200 0.458829 0.008929 0.008267
0 0.622396 0.546296 0.008681 0.011243
0 0.685888 0.596726 0.013145 0.014881
0 0.577753 0.576720 0.021577 0.011243
0 0.524430 0.535880 0.011161 0.009590
0 0.461930 0.577546 0.009673 0.014881
0 0.488715 0.606316 0.006696 0.010251
0 0.573041 0.648313 0.011161 0.023479
0 0.562376 0.698909 0.008185 0.008929
0 0.471974 0.639881 0.005456 0.006614
0 0.533978 0.699239 0.006448 0.008267
0 0.542659 0.388062 0.004960 0.010251
